payload_size delay num_messages message_id arrival_rank half_rtt_ms
10 none 10 6 0 63.4632
10 none 10 9 1 68.1601
10 none 10 8 2 74.4683
10 none 10 7 3 81.1623
10 none 10 5 4 86.6114
10 none 10 2 5 94.4301
10 none 10 1 6 100.43
10 none 10 0 7 106.765
10 none 10 3 8 114.519
10 none 10 4 9 117.525
10 none 10 3 0 17.617
10 none 10 6 1 18.7371
10 none 10 9 2 20.0496
10 none 10 7 3 21.0297
10 none 10 4 4 22.8297
10 none 10 2 5 24.5415
10 none 10 0 6 25.9684
10 none 10 5 7 27.488
10 none 10 1 8 28.5879
10 none 10 8 9 31.1525
10 none 10 3 0 17.0039
10 none 10 5 1 18.0344
10 none 10 7 2 19.2935
10 none 10 6 3 20.5305
10 none 10 4 4 21.7925
10 none 10 9 5 23.0329
10 none 10 0 6 25.1987
10 none 10 1 7 26.1565
10 none 10 2 8 28.3944
10 none 10 8 9 30.7399
10 none 10 0 0 17.0211
10 none 10 7 1 17.9209
10 none 10 9 2 19.0339
10 none 10 8 3 20.6654
10 none 10 3 4 22.0349
10 none 10 2 5 23.1198
10 none 10 4 6 25.33
10 none 10 1 7 27.0856
10 none 10 6 8 28.7313
10 none 10 5 9 31.2159
10 none 10 6 0 16.5716
10 none 10 7 1 17.6182
10 none 10 9 2 18.6496
10 none 10 4 3 19.937
10 none 10 0 4 21.366
10 none 10 2 5 22.7431
10 none 10 5 6 25.448
10 none 10 1 7 27.6902
10 none 10 3 8 29.0407
10 none 10 8 9 31.6192
10 none 10 6 0 16.5448
10 none 10 2 1 17.5662
10 none 10 9 2 19.049
10 none 10 1 3 20.3011
10 none 10 5 4 22.6317
10 none 10 3 5 23.7148
10 none 10 0 6 25.7523
10 none 10 4 7 26.7801
10 none 10 7 8 28.8445
10 none 10 8 9 29.8907
10 none 10 7 0 21.3419
10 none 10 9 1 22.1862
10 none 10 2 2 23.511
10 none 10 6 3 24.9152
10 none 10 1 4 27.5154
10 none 10 3 5 30.3616
10 none 10 5 6 32.461
10 none 10 0 7 34.9707
10 none 10 8 8 37.2769
10 none 10 4 9 39.197
10 none 10 0 0 17.4636
10 none 10 2 1 23.0661
10 none 10 9 2 24.1857
10 none 10 1 3 25.4891
10 none 10 7 4 26.8006
10 none 10 8 5 30.2029
10 none 10 4 6 31.4399
10 none 10 3 7 33.1122
10 none 10 5 8 36.384
10 none 10 6 9 37.2826
10 none 10 1 0 16.7198
10 none 10 6 1 17.8455
10 none 10 5 2 20.8085
10 none 10 4 3 22.0902
10 none 10 2 4 23.9442
10 none 10 7 5 25.4088
10 none 10 0 6 27.015
10 none 10 3 7 27.9598
10 none 10 9 8 30.1026
10 none 10 8 9 32.2745
10 none 10 2 0 18.3704
10 none 10 6 1 19.3985
10 none 10 4 2 22.5333
10 none 10 3 3 23.7317
10 none 10 7 4 25.2548
10 none 10 9 5 26.2235
10 none 10 0 6 28.3154
10 none 10 1 7 29.8705
10 none 10 8 8 33.149
10 none 10 5 9 34.3896
10 none 4 0 0 5.39659
10 none 4 3 1 7.07884
10 none 4 1 2 7.74836
10 none 4 2 3 8.51326
10 none 4 1 0 4.75816
10 none 4 0 1 5.51854
10 none 4 2 2 6.05917
10 none 4 3 3 36.4277
10 none 4 0 0 6.20708
10 none 4 1 1 7.54762
10 none 4 2 2 8.54194
10 none 4 3 3 9.46713
10 none 4 1 0 5.67219
10 none 4 3 1 6.35529
10 none 4 2 2 7.24214
10 none 4 0 3 7.88812
10 none 4 2 0 5.60216
10 none 4 1 1 6.28978
10 none 4 3 2 6.92731
10 none 4 0 3 7.68315
10 none 4 0 0 4.43005
10 none 4 2 1 4.99935
10 none 4 1 2 5.86356
10 none 4 3 3 6.58772
10 none 4 2 0 5.71203
10 none 4 1 1 6.33446
10 none 4 0 2 6.94059
10 none 4 3 3 7.58867
10 none 4 0 0 4.77084
10 none 4 1 1 5.57106
10 none 4 2 2 6.39423
10 none 4 3 3 7.03145
10 none 4 0 0 5.35282
10 none 4 2 1 6.13916
10 none 4 1 2 6.99975
10 none 4 3 3 19.3067
10 none 4 0 0 4.81703
10 none 4 2 1 5.46753
10 none 4 1 2 6.37612
10 none 4 3 3 6.74378
10 none 1 0 0 47.7277
10 none 1 0 0 2.71912
10 none 1 0 0 2.84741
10 none 1 0 0 3.63918
10 none 1 0 0 32.7484
10 none 1 0 0 2.62615
10 none 1 0 0 2.86643
10 none 1 0 0 40.7645
10 none 1 0 0 29.5047
10 none 1 0 0 3.47709
50 none 10 7 0 36.4036
50 none 10 6 1 38.9247
50 none 10 9 2 42.3508
50 none 10 3 3 45.2972
50 none 10 0 4 48.675
50 none 10 1 5 51.8988
50 none 10 2 6 55.372
50 none 10 4 7 58.9426
50 none 10 5 8 62.7837
50 none 10 8 9 65.1524
50 none 10 4 0 16.872
50 none 10 3 1 18.3176
50 none 10 6 2 19.2252
50 none 10 7 3 20.5311
50 none 10 5 4 23.1871
50 none 10 9 5 24.6671
50 none 10 2 6 26.1172
50 none 10 1 7 27.8831
50 none 10 0 8 29.1726
50 none 10 8 9 31.7728
50 none 10 2 0 20.391
50 none 10 6 1 21.2347
50 none 10 9 2 22.6021
50 none 10 7 3 23.5469
50 none 10 4 4 25.2678
50 none 10 1 5 26.4985
50 none 10 0 6 27.7125
50 none 10 8 7 30.7812
50 none 10 3 8 33.2468
50 none 10 5 9 35.0117
50 none 10 9 0 21.999
50 none 10 6 1 22.9843
50 none 10 7 2 26.4215
50 none 10 3 3 28.1056
50 none 10 2 4 31.7079
50 none 10 5 5 33.7325
50 none 10 4 6 35.882
50 none 10 1 7 38.4686
50 none 10 0 8 40.8771
50 none 10 8 9 42.9065
50 none 10 0 0 17.4328
50 none 10 6 1 18.5071
50 none 10 5 2 19.5887
50 none 10 1 3 20.682
50 none 10 7 4 22.4624
50 none 10 9 5 23.3909
50 none 10 3 6 25.3131
50 none 10 2 7 26.148
50 none 10 4 8 29.0326
50 none 10 8 9 31.6877
50 none 10 2 0 19.0299
50 none 10 0 1 20.0481
50 none 10 6 2 21.4264
50 none 10 7 3 22.4074
50 none 10 5 4 25.1117
50 none 10 3 5 26.4755
50 none 10 1 6 29.1252
50 none 10 9 7 30.3145
50 none 10 4 8 33.2341
50 none 10 8 9 35.6803
50 none 10 0 0 17.0024
50 none 10 2 1 18.1476
50 none 10 9 2 19.3134
50 none 10 4 3 20.935
50 none 10 6 4 22.1457
50 none 10 1 5 23.7069
50 none 10 8 6 25.7242
50 none 10 7 7 27.1463
50 none 10 3 8 29.1406
50 none 10 5 9 30.8328
50 none 10 1 0 18.1808
50 none 10 6 1 19.3348
50 none 10 9 2 20.439
50 none 10 7 3 21.6664
50 none 10 3 4 23.0247
50 none 10 2 5 24.8223
50 none 10 5 6 27.8928
50 none 10 8 7 29.9541
50 none 10 4 8 31.339
50 none 10 0 9 34.1596
50 none 10 5 0 16.996
50 none 10 2 1 18.2276
50 none 10 7 2 19.2998
50 none 10 1 3 20.7074
50 none 10 9 4 22.3981
50 none 10 6 5 23.8494
50 none 10 0 6 24.8467
50 none 10 3 7 27.1315
50 none 10 4 8 28.1853
50 none 10 8 9 30.9989
50 none 10 3 0 17.3737
50 none 10 9 1 18.214
50 none 10 7 2 19.5325
50 none 10 0 3 20.5594
50 none 10 4 4 21.7832
50 none 10 1 5 23.1971
50 none 10 5 6 24.8793
50 none 10 6 7 26.0976
50 none 10 2 8 27.9208
50 none 10 8 9 30.5778
50 none 4 2 0 6.62183
50 none 4 0 1 7.3656
50 none 4 1 2 7.89928
50 none 4 3 3 29.9777
50 none 4 0 0 5.75791
50 none 4 2 1 6.58591
50 none 4 1 2 7.51562
50 none 4 3 3 16.4107
50 none 4 0 0 6.35649
50 none 4 2 1 7.66836
50 none 4 1 2 8.62525
50 none 4 3 3 24.0685
50 none 4 1 0 6.20738
50 none 4 0 1 7.25874
50 none 4 2 2 8.12809
50 none 4 3 3 27.3986
50 none 4 1 0 6.243
50 none 4 0 1 6.99583
50 none 4 2 2 7.91558
50 none 4 3 3 43.1093
50 none 4 0 0 5.44791
50 none 4 2 1 6.41868
50 none 4 3 2 7.44982
50 none 4 1 3 8.24612
50 none 4 0 0 4.5363
50 none 4 2 1 5.07662
50 none 4 3 2 6.54817
50 none 4 1 3 7.14253
50 none 4 2 0 9.03155
50 none 4 1 1 10.7078
50 none 4 0 2 12.3643
50 none 4 3 3 13.6282
50 none 4 0 0 5.34497
50 none 4 3 1 6.15908
50 none 4 1 2 7.14313
50 none 4 2 3 7.56422
50 none 4 1 0 6.41506
50 none 4 3 1 7.90804
50 none 4 0 2 8.69468
50 none 4 2 3 9.81879
50 none 1 0 0 3.03909
50 none 1 0 0 44.8858
50 none 1 0 0 3.08618
50 none 1 0 0 2.84077
50 none 1 0 0 2.94612
50 none 1 0 0 39.8324
50 none 1 0 0 3.11848
50 none 1 0 0 2.84077
50 none 1 0 0 2.72154
50 none 1 0 0 10.0518
100 none 10 9 0 61.9307
100 none 10 6 1 66.6732
100 none 10 7 2 71.47
100 none 10 0 3 78.1884
100 none 10 1 4 83.9892
100 none 10 5 5 90.0788
100 none 10 2 6 96.5639
100 none 10 4 7 103.418
100 none 10 8 8 110.271
100 none 10 3 9 113.81
100 none 10 1 0 16.1686
100 none 10 6 1 17.0812
100 none 10 3 2 18.3689
100 none 10 7 3 19.5594
100 none 10 2 4 20.5033
100 none 10 9 5 22.1134
100 none 10 4 6 23.7806
100 none 10 8 7 25.3701
100 none 10 5 8 27.3452
100 none 10 0 9 28.2197
100 none 10 0 0 16.7645
100 none 10 6 1 17.6511
100 none 10 7 2 18.959
100 none 10 3 3 20.0931
100 none 10 4 4 21.5471
100 none 10 2 5 23.079
100 none 10 1 6 24.8292
100 none 10 9 7 26.4776
100 none 10 8 8 28.1415
100 none 10 5 9 29.7401
100 none 10 9 0 18.9201
100 none 10 3 1 20.1698
100 none 10 6 2 21.0515
100 none 10 1 3 22.411
100 none 10 4 4 24.1703
100 none 10 0 5 25.4948
100 none 10 2 6 27.2709
100 none 10 8 7 30.2481
100 none 10 7 8 32.4303
100 none 10 5 9 34.4107
100 none 10 2 0 17.3489
100 none 10 5 1 18.5123
100 none 10 9 2 19.6059
100 none 10 6 3 20.6814
100 none 10 7 4 22.1849
100 none 10 4 5 24.0317
100 none 10 1 6 25.5183
100 none 10 0 7 27.456
100 none 10 3 8 28.9737
100 none 10 8 9 31.2234
100 none 10 4 0 17.3033
100 none 10 8 1 20.3494
100 none 10 7 2 21.5806
100 none 10 2 3 23.2022
100 none 10 3 4 24.678
100 none 10 5 5 27.9453
100 none 10 9 6 30.0079
100 none 10 1 7 31.2811
100 none 10 0 8 32.7424
100 none 10 6 9 34.5218
100 none 10 8 0 16.7899
100 none 10 7 1 17.8047
100 none 10 6 2 19.1785
100 none 10 2 3 20.2011
100 none 10 9 4 21.8125
100 none 10 4 5 23.4485
100 none 10 5 6 24.6131
100 none 10 1 7 26.9018
100 none 10 0 8 28.7216
100 none 10 3 9 29.5916
100 none 10 0 0 18.0045
100 none 10 7 1 18.9173
100 none 10 6 2 20.2778
100 none 10 9 3 21.4237
100 none 10 4 4 22.8738
100 none 10 3 5 23.9816
100 none 10 2 6 25.4936
100 none 10 1 7 27.6597
100 none 10 5 8 30.2756
100 none 10 8 9 32.3943
100 none 10 1 0 16.7624
100 none 10 4 1 17.6218
100 none 10 6 2 19.1531
100 none 10 9 3 20.0333
100 none 10 7 4 21.4403
100 none 10 5 5 23.3317
100 none 10 0 6 25.055
100 none 10 3 7 26.5839
100 none 10 2 8 27.9912
100 none 10 8 9 30.8123
100 none 10 2 0 17.632
100 none 10 3 1 18.5986
100 none 10 9 2 19.8806
100 none 10 7 3 21.2347
100 none 10 0 4 22.9085
100 none 10 1 5 23.9436
100 none 10 8 6 25.6137
100 none 10 4 7 27.6531
100 none 10 5 8 30.1983
100 none 10 6 9 32.1145
100 none 4 1 0 8.10002
100 none 4 3 1 8.72667
100 none 4 0 2 9.83962
100 none 4 2 3 10.5272
100 none 4 3 0 6.47573
100 none 4 0 1 7.47246
100 none 4 1 2 8.83111
100 none 4 2 3 9.37355
100 none 4 2 0 8.85466
100 none 4 0 1 10.4959
100 none 4 1 2 12.6149
100 none 4 3 3 13.6388
100 none 4 2 0 4.69055
100 none 4 0 1 5.36369
100 none 4 1 2 6.35378
100 none 4 3 3 6.77275
100 none 4 1 0 5.15994
100 none 4 3 1 5.84817
100 none 4 2 2 6.67375
100 none 4 0 3 7.55004
100 none 4 2 0 5.03436
100 none 4 0 1 5.52579
100 none 4 3 2 6.43347
100 none 4 1 3 7.33481
100 none 4 0 0 9.77049
100 none 4 1 1 11.1506
100 none 4 2 2 12.1953
100 none 4 3 3 12.9213
100 none 4 0 0 4.97943
100 none 4 1 1 5.77753
100 none 4 3 2 6.49354
100 none 4 2 3 7.2361
100 none 4 0 0 4.84419
100 none 4 3 1 5.74856
100 none 4 1 2 6.45309
100 none 4 2 3 7.41722
100 none 4 0 0 4.81642
100 none 4 1 1 5.62691
100 none 4 2 2 6.23877
100 none 4 3 3 23.856
100 none 1 0 0 31.2252
100 none 1 0 0 3.69261
100 none 1 0 0 4.01922
100 none 1 0 0 2.95668
100 none 1 0 0 21.3717
100 none 1 0 0 2.64668
100 none 1 0 0 10.0422
100 none 1 0 0 2.96574
100 none 1 0 0 20.1507
100 none 1 0 0 2.80576
500 none 10 6 0 63.9048
500 none 10 7 1 68.7219
500 none 10 9 2 74.6132
500 none 10 5 3 79.9962
500 none 10 0 4 86.5269
500 none 10 3 5 93.0086
500 none 10 1 6 99.6884
500 none 10 2 7 106.463
500 none 10 4 8 113.711
500 none 10 8 9 116.844
500 none 10 6 0 17.9309
500 none 10 2 1 19.1785
500 none 10 0 2 20.4982
500 none 10 4 3 21.9513
500 none 10 9 4 23.287
500 none 10 1 5 24.5415
500 none 10 5 6 27.4445
500 none 10 7 7 28.5297
500 none 10 8 8 31.7927
500 none 10 3 9 32.7623
500 none 10 0 0 16.6495
500 none 10 1 1 18.2059
500 none 10 9 2 19.343
500 none 10 6 3 20.5585
500 none 10 5 4 22.1883
500 none 10 7 5 23.5828
500 none 10 4 6 25.2071
500 none 10 3 7 26.1139
500 none 10 2 8 28.034
500 none 10 8 9 30.8048
500 none 10 8 0 19.7441
500 none 10 0 1 20.9775
500 none 10 3 2 22.143
500 none 10 7 3 23.0015
500 none 10 2 4 24.6907
500 none 10 6 5 25.8537
500 none 10 1 6 27.846
500 none 10 4 7 29.588
500 none 10 9 8 32.2805
500 none 10 5 9 34.0618
500 none 10 2 0 16.188
500 none 10 1 1 17.2867
500 none 10 0 2 18.2596
500 none 10 6 3 19.5111
500 none 10 7 4 20.4604
500 none 10 3 5 21.8411
500 none 10 9 6 23.5029
500 none 10 4 7 26.4055
500 none 10 8 8 28.1237
500 none 10 5 9 30.1814
500 none 10 6 0 19.3762
500 none 10 3 1 20.4755
500 none 10 9 2 21.3621
500 none 10 7 3 22.7192
500 none 10 0 4 24.1422
500 none 10 2 5 25.5334
500 none 10 5 6 28.5182
500 none 10 8 7 31.3448
500 none 10 1 8 33.8167
500 none 10 4 9 34.6619
500 none 10 9 0 17.3444
500 none 10 0 1 18.614
500 none 10 1 2 20.2313
500 none 10 7 3 21.1638
500 none 10 6 4 22.7497
500 none 10 3 5 23.6716
500 none 10 2 6 25.5739
500 none 10 4 7 27.0802
500 none 10 8 8 29.8286
500 none 10 5 9 31.5715
500 none 10 3 0 19.6823
500 none 10 6 1 20.6944
500 none 10 9 2 21.9694
500 none 10 7 3 23.1605
500 none 10 0 4 26.4312
500 none 10 4 5 28.0582
500 none 10 2 6 29.1403
500 none 10 5 7 30.62
500 none 10 1 8 33.8505
500 none 10 8 9 35.8527
500 none 10 8 0 15.9163
500 none 10 1 1 17.3492
500 none 10 0 2 18.3976
500 none 10 6 3 19.6337
500 none 10 9 4 20.9513
500 none 10 7 5 22.6211
500 none 10 2 6 23.9227
500 none 10 4 7 25.1896
500 none 10 3 8 27.4647
500 none 10 5 9 29.8778
500 none 10 0 0 17.3918
500 none 10 9 1 18.1597
500 none 10 6 2 19.2479
500 none 10 2 3 20.6406
500 none 10 1 4 21.571
500 none 10 7 5 23.342
500 none 10 4 6 24.9213
500 none 10 3 7 26.5489
500 none 10 8 8 29.5167
500 none 10 5 9 31.1594
500 none 4 1 0 7.08155
500 none 4 0 1 7.95362
500 none 4 2 2 9.07592
500 none 4 3 3 10.1991
500 none 4 2 0 6.1464
500 none 4 0 1 7.22614
500 none 4 1 2 8.10213
500 none 4 3 3 20.1583
500 none 4 0 0 4.93475
500 none 4 1 1 5.60759
500 none 4 2 2 6.3082
500 none 4 3 3 6.99281
500 none 4 0 0 4.67666
500 none 4 2 1 5.2843
500 none 4 1 2 6.21704
500 none 4 3 3 6.81501
500 none 4 0 0 5.3326
500 none 4 1 1 6.4057
500 none 4 3 2 7.60678
500 none 4 2 3 8.32671
500 none 4 3 0 4.70172
500 none 4 2 1 5.40142
500 none 4 0 2 6.03653
500 none 4 1 3 6.96806
500 none 4 2 0 4.72255
500 none 4 0 1 5.4636
500 none 4 1 2 6.23213
500 none 4 3 3 26.1767
500 none 4 0 0 5.86809
500 none 4 3 1 6.42351
500 none 4 2 2 7.22041
500 none 4 1 3 8.21412
500 none 4 2 0 5.87232
500 none 4 1 1 6.91161
500 none 4 0 2 7.8365
500 none 4 3 3 20.8894
500 none 4 1 0 4.79258
500 none 4 0 1 5.56774
500 none 4 2 2 6.19862
500 none 4 3 3 23.0217
500 none 1 0 0 15.5136
500 none 1 0 0 2.74448
500 none 1 0 0 34.3446
500 none 1 0 0 3.26307
500 none 1 0 0 23.1702
500 none 1 0 0 2.98385
500 none 1 0 0 10.8077
500 none 1 0 0 3.01223
500 none 1 0 0 12.8153
500 none 1 0 0 3.81335
1000 none 10 7 0 41.8877
1000 none 10 6 1 44.9461
1000 none 10 9 2 48.1594
1000 none 10 3 3 52.7678
1000 none 10 0 4 56.4737
1000 none 10 5 5 60.3641
1000 none 10 4 6 64.7368
1000 none 10 1 7 69.4536
1000 none 10 8 8 74.1459
1000 none 10 2 9 76.661
1000 none 10 1 0 17.709
1000 none 10 6 1 19.0227
1000 none 10 7 2 19.9322
1000 none 10 4 3 21.5858
1000 none 10 9 4 22.5626
1000 none 10 0 5 24.4416
1000 none 10 3 6 25.3487
1000 none 10 2 7 27.4539
1000 none 10 5 8 30.3399
1000 none 10 8 9 32.2549
1000 none 10 1 0 19.2823
1000 none 10 9 1 20.2389
1000 none 10 4 2 21.3521
1000 none 10 6 3 22.8635
1000 none 10 0 4 25.9986
1000 none 10 7 5 27.2945
1000 none 10 3 6 28.7286
1000 none 10 2 7 31.1899
1000 none 10 8 8 34.3012
1000 none 10 5 9 41.2934
1000 none 10 3 0 16.5834
1000 none 10 7 1 17.4606
1000 none 10 6 2 18.5464
1000 none 10 9 3 21.4484
1000 none 10 1 4 22.4482
1000 none 10 4 5 23.9593
1000 none 10 2 6 25.6647
1000 none 10 0 7 26.9727
1000 none 10 5 8 28.9028
1000 none 10 8 9 31.7167
1000 none 10 3 0 17.3287
1000 none 10 6 1 18.5666
1000 none 10 7 2 19.4402
1000 none 10 1 3 21.0355
1000 none 10 5 4 22.2311
1000 none 10 4 5 23.5798
1000 none 10 2 6 25.2735
1000 none 10 0 7 26.7164
1000 none 10 9 8 28.5656
1000 none 10 8 9 31.0152
1000 none 10 7 0 17.0467
1000 none 10 6 1 18.0021
1000 none 10 9 2 19.2672
1000 none 10 1 3 20.513
1000 none 10 4 4 21.8469
1000 none 10 2 5 23.6474
1000 none 10 3 6 24.9026
1000 none 10 0 7 26.7973
1000 none 10 5 8 27.9652
1000 none 10 8 9 30.8848
1000 none 10 9 0 20.2594
1000 none 10 0 1 23.6112
1000 none 10 7 2 24.5868
1000 none 10 4 3 26.0212
1000 none 10 1 4 29.3525
1000 none 10 5 5 31.4015
1000 none 10 3 6 32.3774
1000 none 10 6 7 34.1285
1000 none 10 2 8 36.5584
1000 none 10 8 9 39.5767
1000 none 10 0 0 16.6999
1000 none 10 7 1 17.6239
1000 none 10 6 2 18.7272
1000 none 10 2 3 20.3904
1000 none 10 1 4 21.5021
1000 none 10 4 5 23.1201
1000 none 10 8 6 24.9898
1000 none 10 5 7 26.6376
1000 none 10 3 8 28.379
1000 none 10 9 9 29.3368
1000 none 10 1 0 17.5213
1000 none 10 6 1 18.4428
1000 none 10 9 2 19.7478
1000 none 10 7 3 21.0379
1000 none 10 8 4 24.1986
1000 none 10 0 5 25.714
1000 none 10 3 6 26.6763
1000 none 10 2 7 28.4358
1000 none 10 4 8 30.8247
1000 none 10 5 9 33.1272
1000 none 10 5 0 16.8421
1000 none 10 9 1 17.9405
1000 none 10 2 2 19.333
1000 none 10 0 3 20.4278
1000 none 10 6 4 21.9365
1000 none 10 3 5 23.7018
1000 none 10 7 6 25.2687
1000 none 10 1 7 26.9582
1000 none 10 4 8 28.7301
1000 none 10 8 9 31.3369
1000 none 4 3 0 4.34009
1000 none 4 0 1 5.07059
1000 none 4 2 2 6.00091
1000 none 4 1 3 6.79117
1000 none 4 2 0 4.92871
1000 none 4 0 1 5.69996
1000 none 4 3 2 6.62877
1000 none 4 1 3 7.36379
1000 none 4 0 0 8.33154
1000 none 4 2 1 9.63647
1000 none 4 1 2 11.7558
1000 none 4 3 3 12.9943
1000 none 4 0 0 5.95291
1000 none 4 1 1 6.87116
1000 none 4 3 2 7.85461
1000 none 4 2 3 9.01525
1000 none 4 3 0 4.6169
1000 none 4 0 1 5.36701
1000 none 4 2 2 6.37762
1000 none 4 1 3 7.24878
1000 none 4 1 0 13.9898
1000 none 4 2 1 16.4122
1000 none 4 0 2 18.0734
1000 none 4 3 3 19.6092
1000 none 4 0 0 4.98154
1000 none 4 1 1 5.58706
1000 none 4 2 2 6.5367
1000 none 4 3 3 7.1872
1000 none 4 1 0 5.01746
1000 none 4 2 1 5.84756
1000 none 4 0 2 6.82437
1000 none 4 3 3 7.43774
1000 none 4 0 0 4.79016
1000 none 4 1 1 5.68728
1000 none 4 2 2 6.58802
1000 none 4 3 3 23.5188
1000 none 4 0 0 5.27042
1000 none 4 2 1 6.02566
1000 none 4 1 2 6.87629
1000 none 4 3 3 27.8822
1000 none 1 0 0 24.4474
1000 none 1 0 0 3.08648
1000 none 1 0 0 8.6343
1000 none 1 0 0 3.0575
1000 none 1 0 0 11.904
1000 none 1 0 0 3.38894
1000 none 1 0 0 34.3528
1000 none 1 0 0 3.63556
1000 none 1 0 0 40.3223
1000 none 1 0 0 37.269
5000 none 10 6 0 63.139
5000 none 10 7 1 67.522
5000 none 10 3 2 73.8365
5000 none 10 2 3 79.26
5000 none 10 0 4 85.2742
5000 none 10 1 5 91.6781
5000 none 10 4 6 98.2332
5000 none 10 5 7 104.872
5000 none 10 8 8 112.175
5000 none 10 9 9 115.594
5000 none 10 6 0 17.6882
5000 none 10 7 1 19.0239
5000 none 10 4 2 20.4444
5000 none 10 3 3 21.7008
5000 none 10 2 4 23.4899
5000 none 10 1 5 24.9261
5000 none 10 0 6 26.4218
5000 none 10 9 7 28.0325
5000 none 10 5 8 31.2998
5000 none 10 8 9 33.8134
5000 none 10 6 0 18.9195
5000 none 10 9 1 20.1187
5000 none 10 3 2 21.7886
5000 none 10 4 3 23.3426
5000 none 10 0 4 24.6626
5000 none 10 2 5 26.1444
5000 none 10 1 6 27.9048
5000 none 10 5 7 30.841
5000 none 10 7 8 33.9338
5000 none 10 8 9 36.3625
5000 none 10 0 0 17.2804
5000 none 10 9 1 18.6046
5000 none 10 4 2 20.2546
5000 none 10 3 3 21.9812
5000 none 10 7 4 23.3737
5000 none 10 2 5 25.2379
5000 none 10 5 6 26.8486
5000 none 10 6 7 28.5167
5000 none 10 1 8 30.0984
5000 none 10 8 9 33.8451
5000 none 10 9 0 18.3948
5000 none 10 7 1 19.8208
5000 none 10 0 2 21.4753
5000 none 10 6 3 22.8883
5000 none 10 2 4 24.307
5000 none 10 4 5 25.8347
5000 none 10 1 6 27.3162
5000 none 10 3 7 28.7488
5000 none 10 5 8 32.0249
5000 none 10 8 9 35.6806
5000 none 10 7 0 16.632
5000 none 10 9 1 18.3094
5000 none 10 6 2 19.9738
5000 none 10 8 3 23.5228
5000 none 10 2 4 25.0909
5000 none 10 3 5 26.5214
5000 none 10 1 6 28.3649
5000 none 10 0 7 32.1218
5000 none 10 4 8 33.7243
5000 none 10 5 9 36.4649
5000 none 10 5 0 18.7993
5000 none 10 2 1 20.6231
5000 none 10 7 2 22.0479
5000 none 10 9 3 23.3945
5000 none 10 1 4 25.0731
5000 none 10 3 5 26.7215
5000 none 10 4 6 28.4965
5000 none 10 0 7 30.1464
5000 none 10 6 8 33.3564
5000 none 10 8 9 36.0577
5000 none 10 5 0 17.0709
5000 none 10 3 1 18.55
5000 none 10 9 2 19.9509
5000 none 10 4 3 21.6123
5000 none 10 6 4 23.1895
5000 none 10 7 5 24.6451
5000 none 10 0 6 26.1378
5000 none 10 1 7 27.9257
5000 none 10 2 8 29.6625
5000 none 10 8 9 33.0992
5000 none 10 3 0 23.0646
5000 none 10 0 1 24.6535
5000 none 10 7 2 26.0937
5000 none 10 5 3 27.9353
5000 none 10 6 4 29.5502
5000 none 10 4 5 31.3336
5000 none 10 2 6 33.3153
5000 none 10 1 7 36.7112
5000 none 10 9 8 39.0113
5000 none 10 8 9 42.0722
5000 none 10 1 0 24.3275
5000 none 10 9 1 25.8585
5000 none 10 7 2 27.6184
5000 none 10 6 3 29.6308
5000 none 10 4 4 31.1966
5000 none 10 0 5 34.5264
5000 none 10 2 6 42.3945
5000 none 10 3 7 44.7985
5000 none 10 8 8 50.0388
5000 none 10 5 9 52.8515
5000 none 4 3 0 5.11345
5000 none 4 0 1 6.39121
5000 none 4 2 2 7.80782
5000 none 4 1 3 9.40072
5000 none 4 0 0 6.09901
5000 none 4 1 1 7.49359
5000 none 4 2 2 8.79459
5000 none 4 3 3 17.115
5000 none 4 0 0 7.28591
5000 none 4 3 1 8.45832
5000 none 4 2 2 10.2803
5000 none 4 1 3 12.0685
5000 none 4 0 0 5.32022
5000 none 4 1 1 6.75947
5000 none 4 2 2 7.89113
5000 none 4 3 3 28.5131
5000 none 4 0 0 5.25351
5000 none 4 3 1 6.38457
5000 none 4 2 2 7.77371
5000 none 4 1 3 8.99744
5000 none 4 1 0 5.56955
5000 none 4 0 1 6.84007
5000 none 4 2 2 8.14409
5000 none 4 3 3 9.5275
5000 none 4 2 0 8.21261
5000 none 4 3 1 9.83901
5000 none 4 0 2 11.4805
5000 none 4 1 3 12.9255
5000 none 4 2 0 7.24818
5000 none 4 0 1 8.63612
5000 none 4 1 2 10.1747
5000 none 4 3 3 11.7235
5000 none 4 3 0 10.3147
5000 none 4 0 1 11.7576
5000 none 4 2 2 13.2575
5000 none 4 1 3 14.692
5000 none 4 3 0 7.2358
5000 none 4 1 1 8.47613
5000 none 4 0 2 9.8852
5000 none 4 2 3 11.2318
5000 none 1 0 0 12.7951
5000 none 1 0 0 30.5968
5000 none 1 0 0 3.98662
5000 none 1 0 0 19.6017
5000 none 1 0 0 3.83267
5000 none 1 0 0 49.2458
5000 none 1 0 0 3.64492
5000 none 1 0 0 39.4886
5000 none 1 0 0 4.02556
5000 none 1 0 0 41.8041
10000 none 10 5 0 64.4916
10000 none 10 9 1 68.4568
10000 none 10 6 2 73.5434
10000 none 10 0 3 80.6087
10000 none 10 2 4 86.884
10000 none 10 1 5 93.5417
10000 none 10 3 6 100.537
10000 none 10 4 7 107.797
10000 none 10 7 8 112.165
10000 none 10 8 9 119.877
10000 none 10 9 0 18.5835
10000 none 10 7 1 20.8335
10000 none 10 1 2 23.1307
10000 none 10 5 3 27.0515
10000 none 10 3 4 29.0199
10000 none 10 4 5 31.0722
10000 none 10 6 6 33.7367
10000 none 10 2 7 36.0664
10000 none 10 8 8 39.0104
10000 none 10 0 9 42.067
10000 none 10 5 0 19.6509
10000 none 10 7 1 21.5426
10000 none 10 0 2 25.042
10000 none 10 1 3 27.0488
10000 none 10 9 4 28.888
10000 none 10 6 5 30.8183
10000 none 10 2 6 34.6115
10000 none 10 4 7 36.911
10000 none 10 8 8 40.3579
10000 none 10 3 9 43.6617
10000 none 10 1 0 22.2737
10000 none 10 9 1 25.0037
10000 none 10 6 2 27.9057
10000 none 10 2 3 28.082
10000 none 10 7 4 30.0553
10000 none 10 0 5 33.5329
10000 none 10 4 6 36.1066
10000 none 10 5 7 39.4016
10000 none 10 3 8 42.7064
10000 none 10 8 9 46.5568
10000 none 10 7 0 17.4364
10000 none 10 1 1 19.4426
10000 none 10 6 2 21.3437
10000 none 10 9 3 22.7624
10000 none 10 4 4 25.023
10000 none 10 0 5 27.0654
10000 none 10 8 6 30.9231
10000 none 10 3 7 33.0216
10000 none 10 2 8 34.9139
10000 none 10 5 9 37.6391
10000 none 10 5 0 20.8951
10000 none 10 9 1 22.485
10000 none 10 6 2 24.3864
10000 none 10 3 3 26.2932
10000 none 10 2 4 28.1031
10000 none 10 8 5 31.8724
10000 none 10 0 6 33.8372
10000 none 10 4 7 36.0347
10000 none 10 1 8 38.1541
10000 none 10 7 9 39.9978
10000 none 10 3 0 19.7188
10000 none 10 6 1 21.7267
10000 none 10 9 2 23.4977
10000 none 10 7 3 25.71
10000 none 10 4 4 28.0923
10000 none 10 1 5 29.7628
10000 none 10 8 6 33.606
10000 none 10 2 7 35.8352
10000 none 10 0 8 38.5679
10000 none 10 5 9 41.8177
10000 none 10 5 0 21.1143
10000 none 10 7 1 23.0129
10000 none 10 6 2 25.0761
10000 none 10 1 3 26.8526
10000 none 10 4 4 29.089
10000 none 10 2 5 31.0592
10000 none 10 3 6 32.1245
10000 none 10 9 7 34.0802
10000 none 10 8 8 37.5615
10000 none 10 0 9 41.2273
10000 none 10 6 0 18.7088
10000 none 10 7 1 20.6974
10000 none 10 1 2 22.4708
10000 none 10 3 3 24.3716
10000 none 10 0 4 26.2968
10000 none 10 2 5 28.1958
10000 none 10 9 6 30.0359
10000 none 10 4 7 31.9874
10000 none 10 5 8 34.8828
10000 none 10 8 9 38.1218
10000 none 10 0 0 18.1253
10000 none 10 9 1 19.7496
10000 none 10 6 2 21.8137
10000 none 10 7 3 23.9831
10000 none 10 1 4 26.11
10000 none 10 4 5 28.2915
10000 none 10 2 6 30.9198
10000 none 10 5 7 33.5613
10000 none 10 8 8 36.8371
10000 none 10 3 9 39.1734
10000 none 4 2 0 5.72199
10000 none 4 1 1 7.57962
10000 none 4 0 2 9.15289
10000 none 4 3 3 10.8146
10000 none 4 2 0 7.71093
10000 none 4 3 1 9.64522
10000 none 4 0 2 11.8787
10000 none 4 1 3 13.8908
10000 none 4 0 0 5.99517
10000 none 4 2 1 7.96781
10000 none 4 3 2 9.63556
10000 none 4 1 3 10.6788
10000 none 4 1 0 6.59104
10000 none 4 2 1 8.29381
10000 none 4 3 2 10.3525
10000 none 4 0 3 12.3348
10000 none 4 3 0 6.58138
10000 none 4 0 1 8.41697
10000 none 4 2 2 10.299
10000 none 4 1 3 12.7441
10000 none 4 1 0 5.83519
10000 none 4 3 1 7.47879
10000 none 4 2 2 9.18972
10000 none 4 0 3 11.0975
10000 none 4 1 0 6.00815
10000 none 4 0 1 6.93998
10000 none 4 2 2 8.80063
10000 none 4 3 3 15.6147
10000 none 4 3 0 6.63148
10000 none 4 2 1 8.65996
10000 none 4 0 2 10.6241
10000 none 4 1 3 12.4573
10000 none 4 0 0 5.92122
10000 none 4 2 1 6.78604
10000 none 4 1 2 8.47191
10000 none 4 3 3 27.35
10000 none 4 2 0 6.72687
10000 none 4 0 1 8.67988
10000 none 4 1 2 10.7316
10000 none 4 3 3 16.4427
10000 none 1 0 0 8.78161
10000 none 1 0 0 3.60205
10000 none 1 0 0 4.60965
10000 none 1 0 0 4.27127
10000 none 1 0 0 39.5142
10000 none 1 0 0 4.08774
10000 none 1 0 0 42.8863
10000 none 1 0 0 4.80404
10000 none 1 0 0 30.7616
10000 none 1 0 0 4.10615
50000 none 10 6 0 60.0269
50000 none 10 7 1 69.8958
50000 none 10 9 2 79.7716
50000 none 10 0 3 90.8646
50000 none 10 5 4 102.923
50000 none 10 2 5 115.401
50000 none 10 3 6 128.316
50000 none 10 1 7 141.024
50000 none 10 4 8 154.553
50000 none 10 8 9 164.285
50000 none 10 0 0 21.9676
50000 none 10 5 1 29.9176
50000 none 10 9 2 36.3441
50000 none 10 1 3 45.5438
50000 none 10 6 4 51.2498
50000 none 10 7 5 56.637
50000 none 10 3 6 62.1423
50000 none 10 4 7 67.5123
50000 none 10 2 8 72.7743
50000 none 10 8 9 81.2229
50000 none 10 1 0 21.6479
50000 none 10 0 1 27.1037
50000 none 10 9 2 32.5957
50000 none 10 3 3 38.0399
50000 none 10 2 4 43.9071
50000 none 10 6 5 50.2286
50000 none 10 7 6 55.9301
50000 none 10 4 7 61.9666
50000 none 10 5 8 69.9957
50000 none 10 8 9 78.5292
50000 none 10 4 0 23.3094
50000 none 10 5 1 28.8726
50000 none 10 3 2 33.9884
50000 none 10 9 3 40.6438
50000 none 10 6 4 46.1415
50000 none 10 7 5 51.8248
50000 none 10 1 6 57.6093
50000 none 10 0 7 63.5743
50000 none 10 2 8 70.2046
50000 none 10 8 9 78.1087
50000 none 10 0 0 21.6778
50000 none 10 9 1 26.845
50000 none 10 4 2 32.1465
50000 none 10 5 3 38.471
50000 none 10 3 4 44.4152
50000 none 10 7 5 49.921
50000 none 10 6 6 57.0759
50000 none 10 2 7 63.1499
50000 none 10 1 8 68.8486
50000 none 10 8 9 76.8551
50000 none 10 1 0 22.8934
50000 none 10 7 1 30.0396
50000 none 10 3 2 36.8268
50000 none 10 4 3 42.6128
50000 none 10 6 4 48.1926
50000 none 10 9 5 53.9508
50000 none 10 2 6 59.6918
50000 none 10 0 7 67.1269
50000 none 10 5 8 74.1012
50000 none 10 8 9 83.6502
50000 none 10 9 0 21.9284
50000 none 10 1 1 31.109
50000 none 10 6 2 36.6538
50000 none 10 7 3 42.7435
50000 none 10 3 4 48.3227
50000 none 10 0 5 55.4393
50000 none 10 4 6 61.0994
50000 none 10 2 7 66.3595
50000 none 10 5 8 73.0003
50000 none 10 8 9 82.6009
50000 none 10 7 0 71.351
50000 none 10 6 1 81.9145
50000 none 10 9 2 92.9395
50000 none 10 5 3 107.906
50000 none 10 0 4 122.579
50000 none 10 2 5 137.9
50000 none 10 1 6 153.624
50000 none 10 3 7 170.518
50000 none 10 4 8 187.454
50000 none 10 8 9 202.653
50000 none 10 1 0 21.8556
50000 none 10 9 1 27.7826
50000 none 10 5 2 34.1813
50000 none 10 0 3 40.3449
50000 none 10 4 4 46.7162
50000 none 10 6 5 52.216
50000 none 10 2 6 58.2625
50000 none 10 3 7 65.0718
50000 none 10 7 8 74.1148
50000 none 10 8 9 85.0589
50000 none 10 1 0 23.4998
50000 none 10 0 1 30.6937
50000 none 10 4 2 36.8787
50000 none 10 9 3 42.2288
50000 none 10 3 4 52.6682
50000 none 10 5 5 58.843
50000 none 10 6 6 64.2299
50000 none 10 7 7 71.7359
50000 none 10 8 8 81.187
50000 none 10 2 9 90.2596
50000 none 4 3 0 9.90934
50000 none 4 0 1 15.4575
50000 none 4 1 2 21.398
50000 none 4 2 3 27.0316
50000 none 4 0 0 9.21417
50000 none 4 2 1 15.104
50000 none 4 1 2 20.5434
50000 none 4 3 3 26.5646
50000 none 4 3 0 9.75086
50000 none 4 0 1 15.4013
50000 none 4 1 2 21.0946
50000 none 4 2 3 26.5948
50000 none 4 2 0 10.5478
50000 none 4 0 1 16.7376
50000 none 4 1 2 22.4651
50000 none 4 3 3 28.2085
50000 none 4 0 0 9.86105
50000 none 4 1 1 16.0962
50000 none 4 2 2 21.7156
50000 none 4 3 3 26.9775
50000 none 4 1 0 9.59783
50000 none 4 2 1 15.184
50000 none 4 0 2 20.3569
50000 none 4 3 3 25.966
50000 none 4 0 0 10.9658
50000 none 4 2 1 16.5109
50000 none 4 1 2 21.8435
50000 none 4 3 3 44.6778
50000 none 4 0 0 14.3137
50000 none 4 2 1 20.6026
50000 none 4 1 2 25.9515
50000 none 4 3 3 31.7973
50000 none 4 1 0 10.3821
50000 none 4 0 1 16.5233
50000 none 4 2 2 22.0651
50000 none 4 3 3 32.1827
50000 none 4 3 0 13.5715
50000 none 4 2 1 19.5555
50000 none 4 1 2 26.2688
50000 none 4 0 3 31.8305
50000 none 1 0 0 44.4737
50000 none 1 0 0 8.017
50000 none 1 0 0 8.50117
50000 none 1 0 0 9.497
50000 none 1 0 0 23.2746
50000 none 1 0 0 8.27086
50000 none 1 0 0 7.7094
50000 none 1 0 0 51.2217
50000 none 1 0 0 8.27629
50000 none 1 0 0 10.2716
100000 none 10 6 0 78.9433
100000 none 10 7 1 99.079
100000 none 10 9 2 120.18
100000 none 10 5 3 143.267
100000 none 10 1 4 170.503
100000 none 10 0 5 194.633
100000 none 10 2 6 216.559
100000 none 10 3 7 237.055
100000 none 10 4 8 258.006
100000 none 10 8 9 277.525
100000 none 10 0 0 25.3701
100000 none 10 1 1 42.6982
100000 none 10 3 2 53.4222
100000 none 10 2 3 70.5798
100000 none 10 9 4 81.4481
100000 none 10 7 5 93.2471
100000 none 10 5 6 110.542
100000 none 10 4 7 132.643
100000 none 10 6 8 156.475
100000 none 10 8 9 181.76
100000 none 10 4 0 31.3457
100000 none 10 7 1 33.5984
100000 none 10 5 2 48.9689
100000 none 10 0 3 68.3847
100000 none 10 9 4 79.5355
100000 none 10 2 5 90.3795
100000 none 10 3 6 100.839
100000 none 10 6 7 113.696
100000 none 10 1 8 132.811
100000 none 10 8 9 149.069
100000 none 10 0 0 30.0405
100000 none 10 7 1 40.613
100000 none 10 6 2 50.5794
100000 none 10 4 3 64.4219
100000 none 10 2 4 74.4774
100000 none 10 3 5 84.662
100000 none 10 9 6 102.317
100000 none 10 1 7 117.957
100000 none 10 5 8 136.457
100000 none 10 8 9 154.342
100000 none 10 2 0 25.1649
100000 none 10 6 1 35.9412
100000 none 10 0 2 46.0847
100000 none 10 8 3 61.228
100000 none 10 9 4 73.3786
100000 none 10 1 5 90.7658
100000 none 10 4 6 102.002
100000 none 10 3 7 122.293
100000 none 10 7 8 138.44
100000 none 10 5 9 158.974
100000 none 10 9 0 26.5377
100000 none 10 7 1 36.5213
100000 none 10 6 2 47.2556
100000 none 10 4 3 57.139
100000 none 10 2 4 68.1891
100000 none 10 3 5 78.9418
100000 none 10 1 6 100.313
100000 none 10 0 7 123.494
100000 none 10 5 8 145.316
100000 none 10 8 9 168.219
100000 none 10 1 0 26.4019
100000 none 10 5 1 37.1015
100000 none 10 9 2 47.3401
100000 none 10 3 3 57.4907
100000 none 10 4 4 68.0285
100000 none 10 0 5 84.8413
100000 none 10 6 6 95.2225
100000 none 10 2 7 105.54
100000 none 10 8 8 121.086
100000 none 10 7 9 135.112
100000 none 10 0 0 26.2606
100000 none 10 7 1 36.5986
100000 none 10 4 2 46.6142
100000 none 10 9 3 56.1519
100000 none 10 2 4 69.8288
100000 none 10 1 5 87.7201
100000 none 10 3 6 97.9394
100000 none 10 5 7 115.027
100000 none 10 8 8 130.446
100000 none 10 6 9 153.231
100000 none 10 7 0 28.2526
100000 none 10 8 1 45.9842
100000 none 10 2 2 57.8424
100000 none 10 6 3 68.2624
100000 none 10 3 4 79.2171
100000 none 10 1 5 89.1633
100000 none 10 9 6 107.685
100000 none 10 4 7 126.283
100000 none 10 0 8 146.939
100000 none 10 5 9 167.314
100000 none 10 6 0 24.9599
100000 none 10 0 1 35.3474
100000 none 10 5 2 53.8282
100000 none 10 9 3 64.2507
100000 none 10 7 4 74.5196
100000 none 10 3 5 85.4501
100000 none 10 8 6 102.879
100000 none 10 1 7 121.701
100000 none 10 4 8 139.038
100000 none 10 2 9 148.951
100000 none 4 0 0 15.0424
100000 none 4 2 1 25.6442
100000 none 4 1 2 36.0936
100000 none 4 3 3 47.45
100000 none 4 1 0 14.3753
100000 none 4 2 1 25.4359
100000 none 4 0 2 36.496
100000 none 4 3 3 47.9964
100000 none 4 0 0 13.3098
100000 none 4 1 1 23.1648
100000 none 4 2 2 32.823
100000 none 4 3 3 42.3574
100000 none 4 3 0 16.0518
100000 none 4 1 1 27.3482
100000 none 4 2 2 39.0107
100000 none 4 0 3 50.6283
100000 none 4 2 0 14.0976
100000 none 4 1 1 23.8959
100000 none 4 0 2 33.4762
100000 none 4 3 3 44.1652
100000 none 4 3 0 16.574
100000 none 4 2 1 28.1225
100000 none 4 1 2 38.4946
100000 none 4 0 3 48.8986
100000 none 4 0 0 15.7355
100000 none 4 1 1 26.513
100000 none 4 2 2 37.6388
100000 none 4 3 3 49.4474
100000 none 4 0 0 16.1584
100000 none 4 3 1 25.9485
100000 none 4 2 2 35.844
100000 none 4 1 3 45.7119
100000 none 4 0 0 13.4399
100000 none 4 1 1 24.1313
100000 none 4 2 2 33.5846
100000 none 4 3 3 45.0536
100000 none 4 3 0 18.3752
100000 none 4 0 1 27.8046
100000 none 4 1 2 37.2114
100000 none 4 2 3 47.1231
100000 none 1 0 0 13.7785
100000 none 1 0 0 43.4945
100000 none 1 0 0 15.2944
100000 none 1 0 0 14.0828
100000 none 1 0 0 12.773
100000 none 1 0 0 31.9032
100000 none 1 0 0 12.281
100000 none 1 0 0 41.7259
100000 none 1 0 0 13.0987
100000 none 1 0 0 44.4625
500000 none 10 6 0 88.9303
500000 none 10 9 1 141.415
500000 none 10 7 2 197.766
500000 none 10 5 3 259.43
500000 none 10 4 4 357.294
500000 none 10 0 5 454.729
500000 none 10 1 6 546.012
500000 none 10 2 7 655.533
500000 none 10 3 8 759.634
500000 none 10 8 9 867.769
500000 none 10 6 0 62.299
500000 none 10 2 1 111.759
500000 none 10 5 2 196.216
500000 none 10 7 3 261.269
500000 none 10 9 4 321.192
500000 none 10 3 5 427.326
500000 none 10 0 6 527.715
500000 none 10 8 7 627.639
500000 none 10 1 8 735.633
500000 none 10 4 9 818.472
500000 none 10 1 0 69.5939
500000 none 10 3 1 115.895
500000 none 10 7 2 182.081
500000 none 10 6 3 240.247
500000 none 10 9 4 295.167
500000 none 10 0 5 370.098
500000 none 10 4 6 464.809
500000 none 10 2 7 568.259
500000 none 10 5 8 641.039
500000 none 10 8 9 722.635
500000 none 10 0 0 66.509
500000 none 10 7 1 140.952
500000 none 10 6 2 208.04
500000 none 10 9 3 268.958
500000 none 10 3 4 375.049
500000 none 10 2 5 452.31
500000 none 10 4 6 540.854
500000 none 10 1 7 638.84
500000 none 10 8 8 743.709
500000 none 10 5 9 833.296
500000 none 10 0 0 70.5442
500000 none 10 6 1 133.244
500000 none 10 9 2 199.396
500000 none 10 7 3 257.936
500000 none 10 3 4 371.795
500000 none 10 1 5 460.458
500000 none 10 4 6 555.217
500000 none 10 2 7 649.769
500000 none 10 5 8 723.525
500000 none 10 8 9 815.686
500000 none 10 7 0 74.7949
500000 none 10 6 1 131.461
500000 none 10 9 2 180.417
500000 none 10 2 3 261.159
500000 none 10 1 4 367.007
500000 none 10 4 5 459.664
500000 none 10 8 6 548.771
500000 none 10 5 7 640.152
500000 none 10 3 8 740.937
500000 none 10 0 9 838.969
500000 none 10 7 0 60.8175
500000 none 10 4 1 130.96
500000 none 10 8 2 217.389
500000 none 10 6 3 269.018
500000 none 10 9 4 332.17
500000 none 10 0 5 433.836
500000 none 10 3 6 527.422
500000 none 10 1 7 624.091
500000 none 10 2 8 729.318
500000 none 10 5 9 813.464
500000 none 10 6 0 61.8567
500000 none 10 7 1 137.656
500000 none 10 1 2 238.724
500000 none 10 4 3 338.105
500000 none 10 0 4 439.758
500000 none 10 9 5 501.249
500000 none 10 2 6 606.848
500000 none 10 3 7 707.268
500000 none 10 5 8 754.242
500000 none 10 8 9 849.131
500000 none 10 7 0 61.2183
500000 none 10 1 1 106.894
500000 none 10 2 2 194.143
500000 none 10 3 3 294.828
500000 none 10 6 4 348.291
500000 none 10 9 5 420.886
500000 none 10 4 6 521.83
500000 none 10 8 7 614.695
500000 none 10 0 8 723.669
500000 none 10 5 9 807.122
500000 none 10 0 0 83.2354
500000 none 10 7 1 131.18
500000 none 10 2 2 221.508
500000 none 10 4 3 309.237
500000 none 10 3 4 397.406
500000 none 10 6 5 452.905
500000 none 10 9 6 502.723
500000 none 10 1 7 606.507
500000 none 10 5 8 692.187
500000 none 10 8 9 797.052
500000 none 4 1 0 46.2827
500000 none 4 2 1 91.3288
500000 none 4 3 2 179.798
500000 none 4 0 3 285.076
500000 none 4 2 0 46.5919
500000 none 4 0 1 92.1671
500000 none 4 1 2 169.363
500000 none 4 3 3 228.897
500000 none 4 1 0 51.9664
500000 none 4 0 1 96.5204
500000 none 4 2 2 177.594
500000 none 4 3 3 224.901
500000 none 4 0 0 49.2225
500000 none 4 3 1 98.6242
500000 none 4 1 2 193.108
500000 none 4 2 3 285.678
500000 none 4 3 0 55.9728
500000 none 4 0 1 102.465
500000 none 4 1 2 148.505
500000 none 4 2 3 247.23
500000 none 4 0 0 57.7624
500000 none 4 2 1 103.484
500000 none 4 1 2 174.893
500000 none 4 3 3 228.211
500000 none 4 2 0 46.5285
500000 none 4 0 1 93.8372
500000 none 4 1 2 138.251
500000 none 4 3 3 188.738
500000 none 4 0 0 47.313
500000 none 4 1 1 91.4477
500000 none 4 3 2 137.51
500000 none 4 2 3 207.166
500000 none 4 1 0 53.2285
500000 none 4 2 1 53.9629
500000 none 4 0 2 110.156
500000 none 4 3 3 161.665
500000 none 4 2 0 48.9684
500000 none 4 0 1 94.1062
500000 none 4 1 2 143.095
500000 none 4 3 3 147.351
500000 none 1 0 0 48.7893
500000 none 1 0 0 57.0975
500000 none 1 0 0 86.0474
500000 none 1 0 0 91.0102
500000 none 1 0 0 53.5864
500000 none 1 0 0 50.039
500000 none 1 0 0 56.543
500000 none 1 0 0 65.222
500000 none 1 0 0 52.1027
500000 none 1 0 0 57.3366
1000000 none 10 6 0 185.071
1000000 none 10 7 1 318.067
1000000 none 10 9 2 441.065
1000000 none 10 8 3 589.395
1000000 none 10 0 4 756.746
1000000 none 10 1 5 920.465
1000000 none 10 2 6 1086.95
1000000 none 10 4 7 1264.18
1000000 none 10 5 8 1414.97
1000000 none 10 3 9 1595.12
1000000 none 10 5 0 145.153
1000000 none 10 0 1 329.056
1000000 none 10 3 2 511.383
1000000 none 10 6 3 652.584
1000000 none 10 9 4 773.879
1000000 none 10 4 5 950.403
1000000 none 10 7 6 1054.58
1000000 none 10 2 7 1253.77
1000000 none 10 1 8 1423.91
1000000 none 10 8 9 1555.96
1000000 none 10 1 0 108.252
1000000 none 10 0 1 121.912
1000000 none 10 9 2 236.775
1000000 none 10 2 3 420.127
1000000 none 10 6 4 539.745
1000000 none 10 7 5 645.553
1000000 none 10 3 6 813.444
1000000 none 10 5 7 961.037
1000000 none 10 4 8 1154.5
1000000 none 10 8 9 1340
1000000 none 10 9 0 136.758
1000000 none 10 6 1 264.051
1000000 none 10 4 2 435.912
1000000 none 10 7 3 555.477
1000000 none 10 8 4 743.425
1000000 none 10 1 5 924.044
1000000 none 10 0 6 1103.47
1000000 none 10 3 7 1289.05
1000000 none 10 2 8 1464.63
1000000 none 10 5 9 1608.91
1000000 none 10 3 0 106.956
1000000 none 10 2 1 216.989
1000000 none 10 9 2 363.472
1000000 none 10 0 3 548.559
1000000 none 10 5 4 724.73
1000000 none 10 7 5 846.187
1000000 none 10 4 6 1012.23
1000000 none 10 1 7 1200.8
1000000 none 10 6 8 1338.41
1000000 none 10 8 9 1511.41
1000000 none 10 9 0 106.523
1000000 none 10 1 1 287.331
1000000 none 10 5 2 456.774
1000000 none 10 0 3 631.47
1000000 none 10 2 4 813.742
1000000 none 10 7 5 941.179
1000000 none 10 3 6 1124.93
1000000 none 10 4 7 1307.44
1000000 none 10 6 8 1428.29
1000000 none 10 8 9 1604.39
1000000 none 10 5 0 102.795
1000000 none 10 0 1 278.922
1000000 none 10 7 2 410.496
1000000 none 10 2 3 589.761
1000000 none 10 6 4 708.349
1000000 none 10 9 5 869.191
1000000 none 10 4 6 1046.32
1000000 none 10 1 7 1231.49
1000000 none 10 3 8 1395.55
1000000 none 10 8 9 1553.84
1000000 none 10 4 0 119.325
1000000 none 10 6 1 234.387
1000000 none 10 7 2 350.522
1000000 none 10 1 3 538.797
1000000 none 10 9 4 655.639
1000000 none 10 0 5 827.586
1000000 none 10 2 6 1019.9
1000000 none 10 3 7 1191.07
1000000 none 10 8 8 1334.02
1000000 none 10 5 9 1529.13
1000000 none 10 2 0 174.586
1000000 none 10 7 1 294.444
1000000 none 10 5 2 437.301
1000000 none 10 9 3 574.637
1000000 none 10 4 4 771.735
1000000 none 10 1 5 961.183
1000000 none 10 3 6 1103.58
1000000 none 10 0 7 1270.96
1000000 none 10 6 8 1396.46
1000000 none 10 8 9 1583.85
1000000 none 10 7 0 109.618
1000000 none 10 9 1 201.244
1000000 none 10 2 2 367.064
1000000 none 10 6 3 491.711
1000000 none 10 3 4 677.928
1000000 none 10 4 5 861.739
1000000 none 10 1 6 995.903
1000000 none 10 0 7 1125.24
1000000 none 10 5 8 1257.52
1000000 none 10 8 9 1410.37
1000000 none 4 3 0 101.01
1000000 none 4 2 1 259.264
1000000 none 4 0 2 435.817
1000000 none 4 1 3 607.101
1000000 none 4 2 0 92.8852
1000000 none 4 0 1 212.231
1000000 none 4 1 2 392.46
1000000 none 4 3 3 504.109
1000000 none 4 0 0 93.0261
1000000 none 4 2 1 254.412
1000000 none 4 1 2 434.027
1000000 none 4 3 3 560.049
1000000 none 4 3 0 431.534
1000000 none 4 2 1 601.214
1000000 none 4 1 2 779.903
1000000 none 4 0 3 960.991
1000000 none 4 3 0 90.5468
1000000 none 4 1 1 262.616
1000000 none 4 2 2 429.566
1000000 none 4 0 3 602.73
1000000 none 4 2 0 90.6542
1000000 none 4 3 1 176.843
1000000 none 4 1 2 329.958
1000000 none 4 0 3 481.617
1000000 none 4 2 0 89.2342
1000000 none 4 0 1 256.5
1000000 none 4 1 2 435.913
1000000 none 4 3 3 559.66
1000000 none 4 2 0 87.3075
1000000 none 4 0 1 203.777
1000000 none 4 1 2 373.685
1000000 none 4 3 3 500.73
1000000 none 4 0 0 90.6825
1000000 none 4 1 1 220.144
1000000 none 4 2 2 391.259
1000000 none 4 3 3 513.976
1000000 none 4 1 0 90.54
1000000 none 4 0 1 176.364
1000000 none 4 2 2 347.159
1000000 none 4 3 3 466.573
1000000 none 1 0 0 115.747
1000000 none 1 0 0 90.4955
1000000 none 1 0 0 149.663
1000000 none 1 0 0 96.2775
1000000 none 1 0 0 99.5273
1000000 none 1 0 0 88.9361
1000000 none 1 0 0 113.911
1000000 none 1 0 0 142.584
1000000 none 1 0 0 92.2181
1000000 none 1 0 0 106.356
5000000 none 10 6 0 598.083
5000000 none 10 7 1 1084.24
5000000 none 10 9 2 1583.77
5000000 none 10 0 3 2251.25
5000000 none 10 2 4 2814.79
5000000 none 10 1 5 3322.65
5000000 none 10 5 6 3892.34
5000000 none 10 4 7 4552.1
5000000 none 10 3 8 5054.64
5000000 none 10 8 9 5736.74
5000000 none 10 5 0 536.795
5000000 none 10 3 1 1080.43
5000000 none 10 0 2 1616.38
5000000 none 10 6 3 2141.49
5000000 none 10 4 4 2690.18
5000000 none 10 9 5 3218.75
5000000 none 10 2 6 3773.36
5000000 none 10 1 7 4414.28
5000000 none 10 7 8 5015.4
5000000 none 10 8 9 5531.66
5000000 none 10 6 0 606.922
5000000 none 10 3 1 1166.65
5000000 none 10 5 2 1745.55
5000000 none 10 0 3 2286.77
5000000 none 10 1 4 2960.75
5000000 none 10 9 5 3487.91
5000000 none 10 7 6 4019.16
5000000 none 10 2 7 4689.76
5000000 none 10 4 8 5220.71
5000000 none 10 8 9 5856.69
5000000 none 10 0 0 482.46
5000000 none 10 1 1 982.459
5000000 none 10 4 2 1684.28
5000000 none 10 7 3 2190.5
5000000 none 10 3 4 2741.88
5000000 none 10 2 5 3284.35
5000000 none 10 9 6 3848.11
5000000 none 10 6 7 4447.82
5000000 none 10 8 8 5043.82
5000000 none 10 5 9 5629.97
5000000 none 10 1 0 612.562
5000000 none 10 4 1 1303.42
5000000 none 10 0 2 1861.1
5000000 none 10 5 3 2466.97
5000000 none 10 9 4 3026.23
5000000 none 10 3 5 3592.01
5000000 none 10 6 6 4093.63
5000000 none 10 7 7 4673.38
5000000 none 10 2 8 5227.18
5000000 none 10 8 9 5762.32
5000000 none 10 0 0 474.871
5000000 none 10 6 1 989.015
5000000 none 10 4 2 1668.39
5000000 none 10 1 3 2230.87
5000000 none 10 2 4 2765.76
5000000 none 10 9 5 3288.61
5000000 none 10 7 6 3820.25
5000000 none 10 3 7 4510.17
5000000 none 10 5 8 5066.87
5000000 none 10 8 9 5593.52
5000000 none 10 4 0 479.445
5000000 none 10 6 1 1002.66
5000000 none 10 1 2 1565.26
5000000 none 10 3 3 2247.64
5000000 none 10 9 4 2781.23
5000000 none 10 0 5 3301.19
5000000 none 10 2 6 3846.17
5000000 none 10 7 7 4487.3
5000000 none 10 5 8 5034.78
5000000 none 10 8 9 5538.54
5000000 none 10 4 0 647.011
5000000 none 10 0 1 1147.72
5000000 none 10 7 2 1674.16
5000000 none 10 2 3 2238.58
5000000 none 10 3 4 2755.36
5000000 none 10 9 5 3256.09
5000000 none 10 6 6 3874.92
5000000 none 10 5 7 4392.18
5000000 none 10 8 8 4994.54
5000000 none 10 1 9 5549.36
5000000 none 10 6 0 491.077
5000000 none 10 1 1 1099.88
5000000 none 10 2 2 1770.63
5000000 none 10 4 3 2461.26
5000000 none 10 0 4 3108.27
5000000 none 10 7 5 3609.47
5000000 none 10 5 6 4152.8
5000000 none 10 9 7 4615.9
5000000 none 10 3 8 5322.22
5000000 none 10 8 9 5841.11
5000000 none 10 6 0 474.736
5000000 none 10 4 1 1166.79
5000000 none 10 3 2 1709.95
5000000 none 10 2 3 2352.85
5000000 none 10 1 4 2862.88
5000000 none 10 0 5 3495.93
5000000 none 10 9 6 4065.61
5000000 none 10 7 7 4572.51
5000000 none 10 8 8 5059.07
5000000 none 10 5 9 5597.5
5000000 none 4 2 0 483.629
5000000 none 4 1 1 527.717
5000000 none 4 0 2 1053.84
5000000 none 4 3 3 1561.44
5000000 none 4 1 0 617.472
5000000 none 4 2 1 1165.45
5000000 none 4 0 2 1869.34
5000000 none 4 3 3 2434.85
5000000 none 4 1 0 605.389
5000000 none 4 2 1 1141.27
5000000 none 4 0 2 1826.79
5000000 none 4 3 3 2340.54
5000000 none 4 0 0 479.036
5000000 none 4 1 1 1118.15
5000000 none 4 2 2 1671.5
5000000 none 4 3 3 2193.65
5000000 none 4 1 0 474.38
5000000 none 4 0 1 965.979
5000000 none 4 2 2 1460.19
5000000 none 4 3 3 1962.71
5000000 none 4 1 0 592.434
5000000 none 4 2 1 1152.61
5000000 none 4 0 2 1694.5
5000000 none 4 3 3 2233.52
5000000 none 4 0 0 479.633
5000000 none 4 2 1 1149.99
5000000 none 4 1 2 1677.02
5000000 none 4 3 3 2219.2
5000000 none 4 1 0 491.363
5000000 none 4 2 1 1173.09
5000000 none 4 0 2 1704.46
5000000 none 4 3 3 2313.43
5000000 none 4 0 0 487.938
5000000 none 4 2 1 1148.46
5000000 none 4 1 2 1700.03
5000000 none 4 3 3 2226.65
5000000 none 4 1 0 511.573
5000000 none 4 2 1 1192.25
5000000 none 4 0 2 2325.32
5000000 none 4 3 3 3004.22
5000000 none 1 0 0 496.923
5000000 none 1 0 0 510.694
5000000 none 1 0 0 529.502
5000000 none 1 0 0 470.038
5000000 none 1 0 0 520.868
5000000 none 1 0 0 558.769
5000000 none 1 0 0 522.668
5000000 none 1 0 0 502.265
5000000 none 1 0 0 519.411
5000000 none 1 0 0 482.454
10000000 none 10 6 0 995.848
10000000 none 10 7 1 1972.69
10000000 none 10 9 2 3046.51
10000000 none 10 2 3 4207
10000000 none 10 5 4 5343.26
10000000 none 10 4 5 6511.15
10000000 none 10 0 6 7674.74
10000000 none 10 3 7 8976.34
10000000 none 10 8 8 10014.6
10000000 none 10 1 9 11288.2
10000000 none 10 1 0 1138.87
10000000 none 10 0 1 2403.4
10000000 none 10 7 2 3451.28
10000000 none 10 3 3 4602.08
10000000 none 10 6 4 5653.34
10000000 none 10 9 5 6641.89
10000000 none 10 2 6 7947.32
10000000 none 10 4 7 9009.32
10000000 none 10 8 8 10013.3
10000000 none 10 5 9 11061.2
10000000 none 10 8 0 1017.96
10000000 none 10 2 1 2056.08
10000000 none 10 0 2 3023.68
10000000 none 10 9 3 4045.1
10000000 none 10 1 4 5038.12
10000000 none 10 4 5 6318.62
10000000 none 10 3 6 7331.02
10000000 none 10 6 7 8410.34
10000000 none 10 7 8 9442.82
10000000 none 10 5 9 10468.5
10000000 none 10 4 0 989.809
10000000 none 10 3 1 2244.03
10000000 none 10 1 2 3497.47
10000000 none 10 0 3 4457.58
10000000 none 10 8 4 5459.32
10000000 none 10 5 5 6480.03
10000000 none 10 9 6 7499.56
10000000 none 10 2 7 8789.07
10000000 none 10 6 8 9734.27
10000000 none 10 7 9 10699.9
10000000 none 10 0 0 963.133
10000000 none 10 2 1 1982.92
10000000 none 10 1 2 3270.35
10000000 none 10 7 3 4283.02
10000000 none 10 9 4 5290.63
10000000 none 10 4 5 6290.25
10000000 none 10 6 6 7223.57
10000000 none 10 3 7 8544.94
10000000 none 10 5 8 9538.4
10000000 none 10 8 9 10528.3
10000000 none 10 1 0 960.539
10000000 none 10 0 1 2233.92
10000000 none 10 3 2 3246.9
10000000 none 10 4 3 4248.79
10000000 none 10 7 4 5231.43
10000000 none 10 6 5 6509.43
10000000 none 10 9 6 7492.42
10000000 none 10 2 7 8509.1
10000000 none 10 5 8 9538.45
10000000 none 10 8 9 10806.3
10000000 none 10 8 0 956.349
10000000 none 10 4 1 2226.76
10000000 none 10 6 2 3140.39
10000000 none 10 7 3 4142.97
10000000 none 10 2 4 5156.28
10000000 none 10 1 5 6159.23
10000000 none 10 3 6 7168.59
10000000 none 10 0 7 8448.66
10000000 none 10 9 8 9384.83
10000000 none 10 5 9 10395.1
10000000 none 10 7 0 1059.85
10000000 none 10 4 1 2340.44
10000000 none 10 3 2 3361.89
10000000 none 10 5 3 4378.75
10000000 none 10 0 4 5661.4
10000000 none 10 1 5 6962.04
10000000 none 10 6 6 7888.92
10000000 none 10 9 7 8993.51
10000000 none 10 2 8 10005.7
10000000 none 10 8 9 11141.6
10000000 none 10 2 0 1221.84
10000000 none 10 1 1 2264.19
10000000 none 10 0 2 3613.4
10000000 none 10 9 3 4635.83
10000000 none 10 3 4 5984.68
10000000 none 10 4 5 7374.24
10000000 none 10 8 6 8353.66
10000000 none 10 6 7 9312.27
10000000 none 10 5 8 10348.4
10000000 none 10 7 9 11383.7
10000000 none 10 5 0 1052.09
10000000 none 10 3 1 2125.54
10000000 none 10 9 2 3202.49
10000000 none 10 0 3 4411.8
10000000 none 10 1 4 5713.75
10000000 none 10 2 5 7070.98
10000000 none 10 6 6 8134.36
10000000 none 10 7 7 9181.74
10000000 none 10 4 8 10145.1
10000000 none 10 8 9 11235
10000000 none 4 0 0 1203.8
10000000 none 4 1 1 2229.37
10000000 none 4 2 2 3276.88
10000000 none 4 3 3 4287.99
10000000 none 4 2 0 1250.83
10000000 none 4 1 1 2451.94
10000000 none 4 0 2 3474.39
10000000 none 4 3 3 4748.63
10000000 none 4 2 0 945.311
10000000 none 4 1 1 2194.61
10000000 none 4 0 2 3179.56
10000000 none 4 3 3 4127.1
10000000 none 4 0 0 1255.08
10000000 none 4 1 1 2275.86
10000000 none 4 2 2 3413.25
10000000 none 4 3 3 4418.02
10000000 none 4 0 0 930.338
10000000 none 4 3 1 1930.68
10000000 none 4 1 2 3028.77
10000000 none 4 2 3 4316.7
10000000 none 4 2 0 948.027
10000000 none 4 0 1 1918.01
10000000 none 4 1 2 2922.66
10000000 none 4 3 3 3887.83
10000000 none 4 3 0 1005.09
10000000 none 4 0 1 1988.93
10000000 none 4 1 2 3195.29
10000000 none 4 2 3 4221.08
10000000 none 4 0 0 986.052
10000000 none 4 1 1 1152.66
10000000 none 4 2 2 2160.21
10000000 none 4 3 3 3161.58
10000000 none 4 0 0 946.128
10000000 none 4 3 1 2052.22
10000000 none 4 1 2 3038.44
10000000 none 4 2 3 4322.92
10000000 none 4 2 0 1268.61
10000000 none 4 1 1 2450.55
10000000 none 4 0 2 3429.91
10000000 none 4 3 3 4374.32
10000000 none 1 0 0 1030.11
10000000 none 1 0 0 950.562
10000000 none 1 0 0 961.751
10000000 none 1 0 0 908.125
10000000 none 1 0 0 966.23
10000000 none 1 0 0 1047.14
10000000 none 1 0 0 1064.52
10000000 none 1 0 0 1247.35
10000000 none 1 0 0 1022.42
10000000 none 1 0 0 1042.35
50000000 none 4 3 0 5962.87
50000000 none 4 2 1 11729.6
50000000 none 4 0 2 17559.4
50000000 none 4 1 3 23027.8
50000000 none 4 1 0 6685.5
50000000 none 4 0 1 12993.2
50000000 none 4 2 2 20134.1
50000000 none 4 3 3 25501.8
50000000 none 4 3 0 6759.1
50000000 none 4 0 1 13671.8
50000000 none 4 2 2 20078.3
50000000 none 4 1 3 27071.4
50000000 none 4 1 0 6460.88
50000000 none 4 0 1 12474.6
50000000 none 4 2 2 19277.2
50000000 none 4 3 3 27821.4
50000000 none 4 0 0 8964.73
50000000 none 4 1 1 18099.5
50000000 none 4 3 2 26956.8
50000000 none 4 2 3 35667.6
50000000 none 4 1 0 8962.96
50000000 none 4 3 1 17635.8
50000000 none 4 2 2 26604.6
50000000 none 4 0 3 35565
50000000 none 4 1 0 9029.08
50000000 none 4 0 1 18106.7
50000000 none 4 2 2 27102.7
50000000 none 4 3 3 35754.4
50000000 none 4 0 0 8797.5
50000000 none 4 1 1 17696.3
50000000 none 4 3 2 26528.4
50000000 none 4 2 3 35205.3
50000000 none 4 2 0 8981.33
50000000 none 4 1 1 17925.3
50000000 none 4 0 2 26831.4
50000000 none 4 3 3 35424.8
50000000 none 4 1 0 8604.16
50000000 none 4 2 1 17575.5
50000000 none 4 0 2 26585.2
50000000 none 4 3 3 35240.8
50000000 none 4 1 0 9030.98
50000000 none 4 0 1 18124
50000000 none 4 2 2 26694
50000000 none 4 3 3 35145.7
50000000 none 4 2 0 13822
50000000 none 4 1 1 22804.3
50000000 none 4 0 2 31753.2
50000000 none 4 3 3 40494.9
50000000 none 4 2 0 13896.6
50000000 none 4 1 1 22773.8
50000000 none 4 0 2 31298.1
50000000 none 4 3 3 39713.9
50000000 none 4 1 0 8919.09
50000000 none 4 0 1 17946.7
50000000 none 4 2 2 26653.1
50000000 none 4 3 3 35269.8
50000000 none 4 1 0 8965.89
50000000 none 4 0 1 17945.5
50000000 none 4 2 2 26998.7
50000000 none 4 3 3 35333.7
50000000 none 4 1 0 8623.04
50000000 none 4 2 1 17596
50000000 none 4 0 2 26564.6
50000000 none 4 3 3 35122.1
50000000 none 4 2 0 8891.15
50000000 none 4 0 1 17890.1
50000000 none 4 1 2 26668.6
50000000 none 4 3 3 35254.3
50000000 none 4 1 0 9056.35
50000000 none 4 2 1 17991
50000000 none 4 0 2 26925.7
50000000 none 4 3 3 40665.8
50000000 none 4 2 0 8871.7
50000000 none 4 0 1 17436.6
50000000 none 4 1 2 26450.3
50000000 none 4 3 3 34854.5
50000000 none 4 1 0 8620.81
50000000 none 4 0 1 17558.9
50000000 none 4 2 2 26032.5
50000000 none 4 3 3 34645
50000000 none 1 0 0 8753.75
50000000 none 1 0 0 9087.67
50000000 none 1 0 0 8909.63
50000000 none 1 0 0 9045.14
50000000 none 1 0 0 8713.19
50000000 none 1 0 0 8427.5
50000000 none 1 0 0 8605.61
50000000 none 1 0 0 8522.13
50000000 none 1 0 0 8497.48
50000000 none 1 0 0 8520.77
0 none 10 6 0 64.949
0 none 10 7 1 69.5037
0 none 10 9 2 74.2292
0 none 10 1 3 81.987
0 none 10 4 4 88.086
0 none 10 0 5 93.8804
0 none 10 3 6 101.25
0 none 10 2 7 108.053
0 none 10 5 8 115.167
0 none 10 8 9 118.197
0 none 10 3 0 15.9592
0 none 10 9 1 16.9254
0 none 10 6 2 18.2964
0 none 10 7 3 19.3037
0 none 10 4 4 20.6301
0 none 10 2 5 22.4512
0 none 10 5 6 23.2876
0 none 10 8 7 25.5854
0 none 10 0 8 26.96
0 none 10 1 9 28.4768
0 none 10 1 0 17.5324
0 none 10 7 1 18.559
0 none 10 2 2 19.9518
0 none 10 6 3 20.8429
0 none 10 9 4 22.3371
0 none 10 4 5 23.7
0 none 10 3 6 25.432
0 none 10 0 7 27.3319
0 none 10 5 8 31.2189
0 none 10 8 9 33.325
0 none 10 9 0 21.4053
0 none 10 6 1 22.4898
0 none 10 8 2 25.873
0 none 10 7 3 27.1813
0 none 10 4 4 30.3979
0 none 10 2 5 32.3575
0 none 10 1 6 34.8922
0 none 10 0 7 37.3502
0 none 10 5 8 39.19
0 none 10 3 9 41.4268
0 none 10 1 0 17.2496
0 none 10 2 1 18.4652
0 none 10 3 2 19.8875
0 none 10 9 3 20.9624
0 none 10 7 4 22.2163
0 none 10 0 5 24.3206
0 none 10 6 6 25.2539
0 none 10 4 7 27.5809
0 none 10 8 8 29.2315
0 none 10 5 9 31.5413
0 none 10 3 0 19.5057
0 none 10 2 1 20.692
0 none 10 7 2 21.711
0 none 10 1 3 23.1956
0 none 10 6 4 24.6602
0 none 10 4 5 25.8078
0 none 10 0 6 27.584
0 none 10 8 7 30.7341
0 none 10 9 8 32.9971
0 none 10 5 9 34.4367
0 none 10 2 0 19.6288
0 none 10 1 1 20.57
0 none 10 7 2 21.5589
0 none 10 0 3 23.1732
0 none 10 3 4 24.6744
0 none 10 6 5 25.6457
0 none 10 4 6 27.6522
0 none 10 8 7 30.4622
0 none 10 9 8 32.5039
0 none 10 5 9 34.5719
0 none 10 9 0 18.1549
0 none 10 8 1 19.3566
0 none 10 6 2 20.2642
0 none 10 2 3 21.6422
0 none 10 7 4 23.3097
0 none 10 0 5 25.001
0 none 10 4 6 26.3309
0 none 10 1 7 27.9039
0 none 10 5 8 30.9146
0 none 10 3 9 31.7846
0 none 10 3 0 18.5038
0 none 10 5 1 20.9168
0 none 10 9 2 21.9057
0 none 10 4 3 23.2774
0 none 10 7 4 25.1099
0 none 10 1 5 26.4025
0 none 10 2 6 27.9229
0 none 10 6 7 29.6656
0 none 10 0 8 31.2551
0 none 10 8 9 33.6606
0 none 10 3 0 18.0205
0 none 10 4 1 19.3439
0 none 10 2 2 21.1173
0 none 10 9 3 22.1019
0 none 10 6 4 23.8273
0 none 10 0 5 25.3716
0 none 10 1 6 26.9984
0 none 10 7 7 28.3935
0 none 10 8 8 31.4607
0 none 10 5 9 33.0877
0 none 4 0 0 6.42502
0 none 4 2 1 7.34387
0 none 4 1 2 8.52111
0 none 4 3 3 9.64039
0 none 4 1 0 6.72567
0 none 4 0 1 7.71575
0 none 4 2 2 8.77225
0 none 4 3 3 9.86739
0 none 4 0 0 5.14062
0 none 4 1 1 5.76546
0 none 4 2 2 6.66982
0 none 4 3 3 7.32062
0 none 4 2 0 6.03683
0 none 4 3 1 6.93244
0 none 4 1 2 7.83499
0 none 4 0 3 8.48247
0 none 4 2 0 10.0388
0 none 4 1 1 11.5025
0 none 4 3 2 12.9907
0 none 4 0 3 13.9385
0 none 4 0 0 8.6171
0 none 4 2 1 9.45807
0 none 4 3 2 10.5586
0 none 4 1 3 11.4392
0 none 4 2 0 5.12794
0 none 4 1 1 5.8204
0 none 4 0 2 6.58259
0 none 4 3 3 7.27746
0 none 4 2 0 4.82518
0 none 4 1 1 5.59159
0 none 4 0 2 6.27741
0 none 4 3 3 37.0478
0 none 4 3 0 5.35795
0 none 4 2 1 6.41264
0 none 4 1 2 7.34025
0 none 4 0 3 8.0481
0 none 4 2 0 4.92177
0 none 4 1 1 5.70992
0 none 4 0 2 6.37491
0 none 4 3 3 34.7908
0 none 1 0 0 40.559
0 none 1 0 0 3.33129
0 none 1 0 0 27.6884
0 none 1 0 0 2.9434
0 none 1 0 0 3.03668
0 none 1 0 0 3.00679
0 none 1 0 0 47.1772
0 none 1 0 0 3.38985
0 none 1 0 0 3.16255
0 none 1 0 0 2.88424
8000000 none 10 6 0 838.007
8000000 none 10 7 1 1695.61
8000000 none 10 9 2 2536.34
8000000 none 10 2 3 3565.93
8000000 none 10 0 4 4429.39
8000000 none 10 4 5 5480.79
8000000 none 10 3 6 6341.62
8000000 none 10 8 7 7210.37
8000000 none 10 1 8 8167.15
8000000 none 10 5 9 9122.31
8000000 none 10 2 0 1037.25
8000000 none 10 1 1 1872.29
8000000 none 10 4 2 2725.77
8000000 none 10 8 3 3797.73
8000000 none 10 7 4 4704.45
8000000 none 10 0 5 5561.68
8000000 none 10 9 6 6455.08
8000000 none 10 3 7 7504.85
8000000 none 10 6 8 8324.81
8000000 none 10 5 9 9214.7
8000000 none 10 0 0 958.321
8000000 none 10 4 1 2021.48
8000000 none 10 1 2 2893.79
8000000 none 10 2 3 3826.48
8000000 none 10 5 4 4709.63
8000000 none 10 3 5 5577.59
8000000 none 10 7 6 6521.88
8000000 none 10 6 7 7420.71
8000000 none 10 9 8 8258.12
8000000 none 10 8 9 9101.51
8000000 none 10 2 0 1040.66
8000000 none 10 0 1 1943.06
8000000 none 10 1 2 2831.49
8000000 none 10 6 3 3722.73
8000000 none 10 3 4 4763.03
8000000 none 10 9 5 5670.55
8000000 none 10 5 6 6610.83
8000000 none 10 4 7 7508.75
8000000 none 10 7 8 8476.68
8000000 none 10 8 9 9370.01
8000000 none 10 0 0 1054.83
8000000 none 10 1 1 2134.9
8000000 none 10 4 2 2991.35
8000000 none 10 2 3 4073.6
8000000 none 10 7 4 4929.03
8000000 none 10 6 5 5797.37
8000000 none 10 3 6 6841.15
8000000 none 10 9 7 7738.76
8000000 none 10 8 8 8660.91
8000000 none 10 5 9 9526.82
8000000 none 10 3 0 860.417
8000000 none 10 7 1 1732.02
8000000 none 10 6 2 2571.91
8000000 none 10 2 3 3664.05
8000000 none 10 9 4 4561.64
8000000 none 10 4 5 5426.34
8000000 none 10 5 6 6290.75
8000000 none 10 8 7 7143.45
8000000 none 10 0 8 8209.89
8000000 none 10 1 9 9284.85
8000000 none 10 1 0 866.753
8000000 none 10 5 1 1813.17
8000000 none 10 6 2 2718.24
8000000 none 10 0 3 3589.4
8000000 none 10 3 4 4595.07
8000000 none 10 4 5 5462.9
8000000 none 10 2 6 6341.28
8000000 none 10 7 7 7170.15
8000000 none 10 8 8 8053
8000000 none 10 9 9 8930.67
8000000 none 10 0 0 814.36
8000000 none 10 1 1 1660.38
8000000 none 10 6 2 2464.05
8000000 none 10 4 3 3542.83
8000000 none 10 9 4 4341.36
8000000 none 10 7 5 5183.59
8000000 none 10 2 6 6258.17
8000000 none 10 3 7 7310.48
8000000 none 10 8 8 8337.51
8000000 none 10 5 9 9205.4
8000000 none 10 0 0 834.643
8000000 none 10 5 1 1759.07
8000000 none 10 4 2 2616
8000000 none 10 3 3 3660.24
8000000 none 10 9 4 4540.5
8000000 none 10 1 5 5409.79
8000000 none 10 2 6 6454.28
8000000 none 10 7 7 7248.21
8000000 none 10 6 8 8052.14
8000000 none 10 8 9 9042.39
8000000 none 10 0 0 837.512
8000000 none 10 6 1 1714.99
8000000 none 10 4 2 2769.16
8000000 none 10 3 3 3755.18
8000000 none 10 5 4 4614.08
8000000 none 10 2 5 5689.93
8000000 none 10 1 6 6563.2
8000000 none 10 9 7 7394.56
8000000 none 10 7 8 8238.78
8000000 none 10 8 9 9061.48
8000000 none 4 0 0 798.998
8000000 none 4 2 1 1850.91
8000000 none 4 1 2 2855.35
8000000 none 4 3 3 3689.14
8000000 none 4 0 0 810.261
8000000 none 4 2 1 1668.98
8000000 none 4 1 2 2532.29
8000000 none 4 3 3 3416.14
8000000 none 4 0 0 825.797
8000000 none 4 2 1 1689.42
8000000 none 4 1 2 2758.72
8000000 none 4 3 3 3621.87
8000000 none 4 2 0 788.03
8000000 none 4 0 1 1657.72
8000000 none 4 3 2 2525.95
8000000 none 4 1 3 3396.56
8000000 none 4 1 0 811.877
8000000 none 4 2 1 1715.94
8000000 none 4 0 2 2574.74
8000000 none 4 3 3 3456.73
8000000 none 4 1 0 840.274
8000000 none 4 2 1 1732.72
8000000 none 4 0 2 2788.87
8000000 none 4 3 3 3647.86
8000000 none 4 0 0 810.723
8000000 none 4 2 1 1654.91
8000000 none 4 3 2 2496.56
8000000 none 4 1 3 3595.88
8000000 none 4 1 0 1018.49
8000000 none 4 0 1 2140.78
8000000 none 4 2 2 3220.36
8000000 none 4 3 3 4137.05
8000000 none 4 1 0 804.835
8000000 none 4 0 1 1678.23
8000000 none 4 3 2 2527.31
8000000 none 4 2 3 3416.58
8000000 none 4 0 0 887.071
8000000 none 4 2 1 1727.27
8000000 none 4 1 2 2560.12
8000000 none 4 3 3 3454.61
8000000 none 1 0 0 891.72
8000000 none 1 0 0 923.673
8000000 none 1 0 0 940.646
8000000 none 1 0 0 860.955
8000000 none 1 0 0 853.959
8000000 none 1 0 0 825.104
8000000 none 1 0 0 809.375
8000000 none 1 0 0 860.492
8000000 none 1 0 0 791.543
8000000 none 1 0 0 912.557
15000000 none 10 5 0 1554.56
15000000 none 10 6 1 3054.16
15000000 none 10 9 2 4607.38
15000000 none 10 7 3 6092.75
15000000 none 10 1 4 7950.59
15000000 none 10 0 5 9795.92
15000000 none 10 2 6 11484.8
15000000 none 10 3 7 13136.9
15000000 none 10 8 8 15024.9
15000000 none 10 4 9 16873.2
15000000 none 10 1 0 1862.24
15000000 none 10 0 1 3332.44
15000000 none 10 6 2 4945.72
15000000 none 10 7 3 6468.06
15000000 none 10 4 4 8304.11
15000000 none 10 2 5 10192.6
15000000 none 10 8 6 11693.6
15000000 none 10 3 7 13571.1
15000000 none 10 9 8 15060.2
15000000 none 10 5 9 16687.2
15000000 none 10 0 0 1802.14
15000000 none 10 4 1 3603.18
15000000 none 10 1 2 5539.59
15000000 none 10 6 3 7186.58
15000000 none 10 3 4 8886.72
15000000 none 10 2 5 10794.4
15000000 none 10 7 6 12442.7
15000000 none 10 5 7 14049.3
15000000 none 10 9 8 15683.7
15000000 none 10 8 9 17589.5
15000000 none 10 8 0 1582.84
15000000 none 10 5 1 3222.15
15000000 none 10 0 2 4958.96
15000000 none 10 3 3 6873.89
15000000 none 10 6 4 8464.84
15000000 none 10 4 5 10364
15000000 none 10 1 6 11888.5
15000000 none 10 2 7 13773.6
15000000 none 10 7 8 15404.2
15000000 none 10 9 9 17006.1
15000000 none 10 9 0 1511.39
15000000 none 10 4 1 3381.85
15000000 none 10 2 2 5249.18
15000000 none 10 5 3 6845.51
15000000 none 10 1 4 8715.59
15000000 none 10 0 5 10239.5
15000000 none 10 3 6 11820.2
15000000 none 10 7 7 13303.9
15000000 none 10 6 8 14816.3
15000000 none 10 8 9 16372
15000000 none 10 0 0 1865.97
15000000 none 10 2 1 3700.88
15000000 none 10 4 2 5400.59
15000000 none 10 3 3 7061.5
15000000 none 10 6 4 8578.82
15000000 none 10 8 5 10443.3
15000000 none 10 7 6 11947.9
15000000 none 10 9 7 13445.7
15000000 none 10 1 8 15031.6
15000000 none 10 5 9 16670.1
15000000 none 10 1 0 1480.27
15000000 none 10 0 1 2993.74
15000000 none 10 4 2 4862.9
15000000 none 10 2 3 6797.86
15000000 none 10 7 4 8348.84
15000000 none 10 9 5 9881.61
15000000 none 10 3 6 11807.7
15000000 none 10 6 7 13363.6
15000000 none 10 5 8 15066.3
15000000 none 10 8 9 16600.2
15000000 none 10 2 0 1828.41
15000000 none 10 6 1 3486.44
15000000 none 10 3 2 5304.9
15000000 none 10 9 3 6901.79
15000000 none 10 0 4 8729.71
15000000 none 10 1 5 10644.7
15000000 none 10 4 6 12545.2
15000000 none 10 7 7 14076.5
15000000 none 10 8 8 15605.1
15000000 none 10 5 9 17191.3
15000000 none 10 4 0 1898.75
15000000 none 10 0 1 3627.81
15000000 none 10 3 2 5260.78
15000000 none 10 7 3 6911.43
15000000 none 10 2 4 8760.61
15000000 none 10 6 5 10317.5
15000000 none 10 9 6 11834.5
15000000 none 10 8 7 13397.8
15000000 none 10 1 8 15143.1
15000000 none 10 5 9 16810.7
15000000 none 10 4 0 1845
15000000 none 10 1 1 3679.27
15000000 none 10 2 2 5411.31
15000000 none 10 3 3 7282.74
15000000 none 10 0 4 9138.35
15000000 none 10 7 5 10740.9
15000000 none 10 9 6 12324.8
15000000 none 10 6 7 13912.6
15000000 none 10 8 8 15779.5
15000000 none 10 5 9 17392.8
15000000 none 4 0 0 1828.68
15000000 none 4 2 1 3744.37
15000000 none 4 1 2 5420.82
15000000 none 4 3 3 6910.75
15000000 none 4 1 0 1901.27
15000000 none 4 0 1 3768.23
15000000 none 4 2 2 5480.58
15000000 none 4 3 3 7071.74
15000000 none 4 0 0 1837.21
15000000 none 4 1 1 3736.4
15000000 none 4 2 2 5468.73
15000000 none 4 3 3 7070.51
15000000 none 4 2 0 1910.5
15000000 none 4 0 1 3818.56
15000000 none 4 1 2 5699.34
15000000 none 4 3 3 7256.72
15000000 none 4 2 0 1826.64
15000000 none 4 0 1 3727.51
15000000 none 4 1 2 5403.29
15000000 none 4 3 3 6962.38
15000000 none 4 0 0 1841.34
15000000 none 4 2 1 3496.84
15000000 none 4 1 2 5038.53
15000000 none 4 3 3 6518.26
15000000 none 4 2 0 1850.78
15000000 none 4 0 1 3416.79
15000000 none 4 1 2 5184.42
15000000 none 4 3 3 6738.62
15000000 none 4 0 0 1817.51
15000000 none 4 1 1 3716.63
15000000 none 4 3 2 5328.98
15000000 none 4 2 3 7229.99
15000000 none 4 0 0 1483.09
15000000 none 4 1 1 3357.75
15000000 none 4 2 2 5217.61
15000000 none 4 3 3 6784.14
15000000 none 4 1 0 1683.96
15000000 none 4 2 1 3300.52
15000000 none 4 0 2 5075.88
15000000 none 4 3 3 6729.73
15000000 none 1 0 0 1539.82
15000000 none 1 0 0 1488.57
15000000 none 1 0 0 1688.5
15000000 none 1 0 0 1649.43
15000000 none 1 0 0 1573.87
15000000 none 1 0 0 1646.95
15000000 none 1 0 0 1375.47
15000000 none 1 0 0 1731.87
15000000 none 1 0 0 1836.21
15000000 none 1 0 0 1585.93
20000000 none 10 9 0 2462.39
20000000 none 10 6 1 4919.69
20000000 none 10 7 2 7285.75
20000000 none 10 4 3 9920.36
20000000 none 10 0 4 12531.6
20000000 none 10 2 5 15241.3
20000000 none 10 5 6 17266.2
20000000 none 10 1 7 19813
20000000 none 10 8 8 21939.7
20000000 none 10 3 9 24629
20000000 none 10 4 0 2571.1
20000000 none 10 1 1 5109.47
20000000 none 10 7 2 7350.52
20000000 none 10 0 3 9848.19
20000000 none 10 3 4 12154.5
20000000 none 10 8 5 14777.5
20000000 none 10 2 6 17057.5
20000000 none 10 6 7 19660.5
20000000 none 10 9 8 22078
20000000 none 10 5 9 24393.8
20000000 none 10 0 0 2543.81
20000000 none 10 1 1 4815.32
20000000 none 10 4 2 7085.82
20000000 none 10 2 3 9286.67
20000000 none 10 3 4 11975
20000000 none 10 9 5 14153.3
20000000 none 10 8 6 16628.8
20000000 none 10 7 7 19096.5
20000000 none 10 6 8 21590.9
20000000 none 10 5 9 24084.7
20000000 none 10 0 0 2316.53
20000000 none 10 4 1 4734.8
20000000 none 10 8 2 7471.63
20000000 none 10 5 3 9580.78
20000000 none 10 1 4 11994.7
20000000 none 10 2 5 14228.7
20000000 none 10 7 6 16608.4
20000000 none 10 9 7 18775.1
20000000 none 10 3 8 21033.6
20000000 none 10 6 9 23468.3
20000000 none 10 2 0 2107.47
20000000 none 10 4 1 4603.95
20000000 none 10 1 2 6803.41
20000000 none 10 7 3 9214.37
20000000 none 10 8 4 11682.5
20000000 none 10 0 5 14123.8
20000000 none 10 3 6 16284.1
20000000 none 10 6 7 18480.3
20000000 none 10 9 8 20710.1
20000000 none 10 5 9 23072.3
20000000 none 10 0 0 2515.19
20000000 none 10 1 1 5189.04
20000000 none 10 5 2 7576.69
20000000 none 10 8 3 10334.8
20000000 none 10 3 4 12916.9
20000000 none 10 2 5 15293.3
20000000 none 10 4 6 17501.4
20000000 none 10 7 7 19938.4
20000000 none 10 6 8 22171.2
20000000 none 10 9 9 24215.9
20000000 none 10 1 0 2646.4
20000000 none 10 0 1 4986.15
20000000 none 10 2 2 7680.35
20000000 none 10 4 3 9847.38
20000000 none 10 3 4 12491.8
20000000 none 10 9 5 14625.4
20000000 none 10 8 6 16937.7
20000000 none 10 6 7 19173.6
20000000 none 10 7 8 21348
20000000 none 10 5 9 23690.4
20000000 none 10 1 0 2255.26
20000000 none 10 3 1 4532.16
20000000 none 10 0 2 6663.9
20000000 none 10 2 3 9382.37
20000000 none 10 9 4 11579.6
20000000 none 10 5 5 14048.6
20000000 none 10 4 6 16696.1
20000000 none 10 8 7 19391.7
20000000 none 10 7 8 22096.9
20000000 none 10 6 9 24520.7
20000000 none 10 6 0 2425.54
20000000 none 10 2 1 5205.49
20000000 none 10 5 2 7440.22
20000000 none 10 8 3 10224.7
20000000 none 10 7 4 12539.6
20000000 none 10 3 5 14887.9
20000000 none 10 4 6 17477.3
20000000 none 10 0 7 19763.7
20000000 none 10 1 8 22023.5
20000000 none 10 9 9 24090.3
20000000 none 10 8 0 2601.33
20000000 none 10 1 1 5119.86
20000000 none 10 3 2 7519.54
20000000 none 10 0 3 9725.97
20000000 none 10 4 4 12143.4
20000000 none 10 2 5 14371.3
20000000 none 10 9 6 16675.7
20000000 none 10 6 7 18844.2
20000000 none 10 7 8 20923.2
20000000 none 10 5 9 23314.1
20000000 none 4 0 0 2656.38
20000000 none 4 1 1 4908.53
20000000 none 4 2 2 7169.28
20000000 none 4 3 3 9597.59
20000000 none 4 1 0 2703.19
20000000 none 4 2 1 5280.84
20000000 none 4 0 2 8040.64
20000000 none 4 3 3 10289.1
20000000 none 4 1 0 2269.09
20000000 none 4 2 1 4497.42
20000000 none 4 0 2 7081.48
20000000 none 4 3 3 9337.88
20000000 none 4 0 0 2311.48
20000000 none 4 1 1 4783.79
20000000 none 4 2 2 6823.49
20000000 none 4 3 3 9161.98
20000000 none 4 2 0 2210.89
20000000 none 4 3 1 4631.21
20000000 none 4 0 2 7106.95
20000000 none 4 1 3 9460.26
20000000 none 4 1 0 2293.16
20000000 none 4 0 1 4582.61
20000000 none 4 2 2 6735.81
20000000 none 4 3 3 8925.92
20000000 none 4 1 0 2192.29
20000000 none 4 0 1 4857.85
20000000 none 4 2 2 7177.5
20000000 none 4 3 3 9386.32
20000000 none 4 0 0 2434.94
20000000 none 4 1 1 4992.24
20000000 none 4 2 2 7370.84
20000000 none 4 3 3 9353.91
20000000 none 4 2 0 2125.22
20000000 none 4 0 1 4382.28
20000000 none 4 1 2 6757.32
20000000 none 4 3 3 8910.98
20000000 none 4 3 0 2096.52
20000000 none 4 2 1 4321.72
20000000 none 4 0 2 7036.3
20000000 none 4 1 3 9711.51
20000000 none 1 0 0 2283.99
20000000 none 1 0 0 2149.38
20000000 none 1 0 0 2314.09
20000000 none 1 0 0 2361.83
20000000 none 1 0 0 2442.99
20000000 none 1 0 0 2087.6
20000000 none 1 0 0 2203.27
20000000 none 1 0 0 2380.44
20000000 none 1 0 0 2448.64
20000000 none 1 0 0 2640.48
40000000 none 10 6 0 6757.19
40000000 none 10 7 1 12676.9
40000000 none 10 4 2 18955.3
40000000 none 10 8 3 24759.1
40000000 none 10 5 4 30831.9
40000000 none 10 1 5 37097.2
40000000 none 10 2 6 43481.2
40000000 none 10 0 7 49870.4
40000000 none 10 9 8 56024.3
40000000 none 10 3 9 62123
40000000 none 10 0 0 6219.54
40000000 none 10 1 1 12485.8
40000000 none 10 2 2 18777.9
40000000 none 10 3 3 25057.1
40000000 none 10 4 4 31270.3
40000000 none 10 9 5 37206.7
40000000 none 10 6 6 43368.3
40000000 none 10 8 7 49628.8
40000000 none 10 5 8 55731.8
40000000 none 10 7 9 61888.2
40000000 none 10 1 0 6211.15
40000000 none 10 3 1 12453.9
40000000 none 10 0 2 18816.4
40000000 none 10 2 3 25110.7
40000000 none 10 9 4 31109.7
40000000 none 10 8 5 37365.7
40000000 none 10 7 6 43281.2
40000000 none 10 4 7 49478.6
40000000 none 10 6 8 55475.6
40000000 none 10 5 9 60896.7
40000000 none 10 4 0 5914.62
40000000 none 10 2 1 12008.5
40000000 none 10 0 2 18337.1
40000000 none 10 1 3 24637.1
40000000 none 10 3 4 31026.1
40000000 none 10 5 5 36364
40000000 none 10 9 6 42281.1
40000000 none 10 7 7 48182.8
40000000 none 10 8 8 54332.6
40000000 none 10 6 9 60284.7
40000000 none 10 2 0 6088.42
40000000 none 10 1 1 12380.8
40000000 none 10 6 2 19191.6
40000000 none 10 8 3 26657.2
40000000 none 10 5 4 31720.5
40000000 none 10 0 5 38033.8
40000000 none 10 4 6 44318.4
40000000 none 10 9 7 50539.1
40000000 none 10 7 8 56618.9
40000000 none 10 3 9 62893.2
40000000 none 10 0 0 6239.56
40000000 none 10 1 1 12509.4
40000000 none 10 3 2 18775.7
40000000 none 10 5 3 25147.5
40000000 none 10 2 4 35512
40000000 none 10 4 5 41641.8
40000000 none 10 9 6 52519.8
40000000 none 10 8 7 58617.8
40000000 none 10 7 8 66229.3
40000000 none 10 6 9 66611.5
40000000 none 10 9 0 5962.35
40000000 none 10 1 1 12269.8
40000000 none 10 3 2 18556.6
40000000 none 10 4 3 24892.7
40000000 none 10 0 4 30732.9
40000000 none 10 2 5 36997.7
40000000 none 10 6 6 43155.6
40000000 none 10 8 7 49461.3
40000000 none 10 5 8 55761.3
40000000 none 10 7 9 61679.3
40000000 none 10 5 0 6294.11
40000000 none 10 3 1 12463.7
40000000 none 10 1 2 18764.1
40000000 none 10 0 3 24635.8
40000000 none 10 2 4 30514.6
40000000 none 10 9 5 36653.5
40000000 none 10 7 6 42790.4
40000000 none 10 4 7 48909.1
40000000 none 10 6 8 54878.2
40000000 none 10 8 9 61060.3
40000000 none 10 4 0 5979.37
40000000 none 10 7 1 12028.5
40000000 none 10 9 2 17838.5
40000000 none 10 6 3 23828
40000000 none 10 2 4 30046.3
40000000 none 10 0 5 36314.9
40000000 none 10 1 6 42605.4
40000000 none 10 3 7 48880.7
40000000 none 10 8 8 54904.6
40000000 none 10 5 9 60911.5
40000000 none 10 0 0 6272.16
40000000 none 10 4 1 12617
40000000 none 10 5 2 18906.1
40000000 none 10 3 3 24965.3
40000000 none 10 1 4 31242.1
40000000 none 10 9 5 37315.3
40000000 none 10 2 6 43472.7
40000000 none 10 6 7 49415.1
40000000 none 10 7 8 55435.6
40000000 none 10 8 9 61692.3
40000000 none 4 0 0 5967.9
40000000 none 4 2 1 12031.3
40000000 none 4 1 2 18326.4
40000000 none 4 3 3 24396.4
40000000 none 4 1 0 6295.01
40000000 none 4 0 1 12655.1
40000000 none 4 2 2 19118.1
40000000 none 4 3 3 25196.8
40000000 none 4 0 0 6137.3
40000000 none 4 2 1 12387.7
40000000 none 4 3 2 18367.7
40000000 none 4 1 3 24691.1
40000000 none 4 0 0 5914.08
40000000 none 4 1 1 12260.1
40000000 none 4 2 2 18363.1
40000000 none 4 3 3 24171.6
40000000 none 4 0 0 5896.78
40000000 none 4 1 1 12046.5
40000000 none 4 3 2 18030.7
40000000 none 4 2 3 24276.8
40000000 none 4 2 0 6288.18
40000000 none 4 0 1 12477
40000000 none 4 1 2 18391.1
40000000 none 4 3 3 24181.2
40000000 none 4 0 0 6128.38
40000000 none 4 1 1 12434.7
40000000 none 4 2 2 18745.1
40000000 none 4 3 3 24605.1
40000000 none 4 0 0 6003.73
40000000 none 4 1 1 12270.5
40000000 none 4 2 2 18595.4
40000000 none 4 3 3 24545.4
40000000 none 4 0 0 6219
40000000 none 4 1 1 12490.2
40000000 none 4 2 2 18758.2
40000000 none 4 3 3 24303.3
40000000 none 4 2 0 6287.34
40000000 none 4 0 1 12587.1
40000000 none 4 1 2 18883.7
40000000 none 4 3 3 24737
40000000 none 1 0 0 5889.82
40000000 none 1 0 0 6153.63
40000000 none 1 0 0 5836.6
40000000 none 1 0 0 5887.61
40000000 none 1 0 0 5798.54
40000000 none 1 0 0 5911
40000000 none 1 0 0 5853.84
40000000 none 1 0 0 5833.8
40000000 none 1 0 0 6015.73
40000000 none 1 0 0 5967.7
80000000 none 4 2 0 21239.5
80000000 none 4 1 1 42515.9
80000000 none 1 1 0 20727.6
80000000 none 1 1 0 21941.9
80000000 none 1 0 0 21128.2
80000000 none 1 1 0 21416.1
80000000 none 1 1 0 20050.6
80000000 none 1 1 0 21189.3
80000000 none 1 1 0 20893.5
80000000 none 1 2 0 21447.9
80000000 none 1 1 0 21005.3
80000000 none 1 2 0 22177.5
80000000 none 1 0 0 21541.3
80000000 none 1 2 0 21328.4
80000000 none 1 1 0 21355.7
80000000 none 1 0 0 21174.8
80000000 none 1 0 0 21552.6
80000000 none 1 1 0 21979.1
80000000 none 1 1 0 21180.5
80000000 none 1 2 0 21418.1