payload_size delay num_messages message_id arrival_rank rtt_ms
0 none 10 1 0 22.133
0 none 10 0 1 23.1959
0 none 10 6 2 24.3285
0 none 10 9 3 25.7769
0 none 10 8 4 29.3042
0 none 10 2 5 31.2887
0 none 10 5 6 34.1012
0 none 10 4 7 36.735
0 none 10 7 8 39.3399
0 none 10 3 9 40.9615
0 none 10 1 0 19.0135
0 none 10 6 1 20.1102
0 none 10 0 2 21.7361
0 none 10 3 3 23.3674
0 none 10 5 4 24.4879
0 none 10 4 5 26.4057
0 none 10 7 6 28.9523
0 none 10 9 7 30.2892
0 none 10 2 8 31.9737
0 none 10 8 9 34.4565
0 none 10 3 0 19.54
0 none 10 1 1 20.589
0 none 10 6 2 21.772
0 none 10 5 3 23.054
0 none 10 4 4 24.5048
0 none 10 7 5 27.5543
0 none 10 0 6 28.6845
0 none 10 2 7 30.3089
0 none 10 9 8 32.1937
0 none 10 8 9 35.0618
0 none 10 0 0 18.8828
0 none 10 1 1 19.9327
0 none 10 2 2 21.7714
0 none 10 6 3 22.9291
0 none 10 3 4 24.356
0 none 10 4 5 26.1663
0 none 10 9 6 27.708
0 none 10 7 7 30.5824
0 none 10 8 8 32.68
0 none 10 5 9 61.2221
0 none 10 1 0 17.413
0 none 10 0 1 18.664
0 none 10 6 2 19.5596
0 none 10 3 3 21.5565
0 none 10 5 4 22.7528
0 none 10 2 5 24.494
0 none 10 7 6 27.1592
0 none 10 9 7 28.7687
0 none 10 4 8 30.614
0 none 10 8 9 32.7993
0 none 10 4 0 17.7508
0 none 10 8 1 18.6703
0 none 10 2 2 19.9249
0 none 10 6 3 21.2374
0 none 10 5 4 22.6239
0 none 10 9 5 24.6461
0 none 10 0 6 25.8675
0 none 10 1 7 28.2006
0 none 10 3 8 29.687
0 none 10 7 9 31.9383
0 none 10 2 0 17.8568
0 none 10 4 1 19.2327
0 none 10 5 2 20.4308
0 none 10 3 3 21.5571
0 none 10 6 4 22.754
0 none 10 1 5 24.2884
0 none 10 9 6 25.8376
0 none 10 0 7 28.0258
0 none 10 7 8 29.8265
0 none 10 8 9 32.703
0 none 10 0 0 18.0783
0 none 10 1 1 19.0588
0 none 10 2 2 20.3707
0 none 10 4 3 22.0582
0 none 10 5 4 23.6031
0 none 10 6 5 24.6959
0 none 10 8 6 26.8286
0 none 10 9 7 28.1493
0 none 10 3 8 30.4109
0 none 10 7 9 32.9016
0 none 10 1 0 18.4225
0 none 10 6 1 19.3091
0 none 10 5 2 20.6161
0 none 10 4 3 22.1557
0 none 10 2 4 23.6475
0 none 10 9 5 25.0231
0 none 10 8 6 28.053
0 none 10 3 7 29.2372
0 none 10 0 8 30.9618
0 none 10 7 9 34.04
0 none 10 6 0 18.7412
0 none 10 7 1 21.8659
0 none 10 5 2 22.9538
0 none 10 3 3 24.4885
0 none 10 2 4 26.1672
0 none 10 4 5 27.3907
0 none 10 9 6 29.2248
0 none 10 1 7 32.0072
0 none 10 8 8 34.6476
0 none 10 0 9 35.5369
0 none 4 0 0 5.10128
0 none 4 1 1 5.68027
0 none 4 3 2 6.396
0 none 4 2 3 7.1555
0 none 4 1 0 4.56818
0 none 4 3 1 5.33704
0 none 4 0 2 6.07753
0 none 4 2 3 6.87809
0 none 4 1 0 5.06446
0 none 4 2 1 5.60209
0 none 4 3 2 6.75281
0 none 4 0 3 7.33844
0 none 4 3 0 4.85949
0 none 4 2 1 5.6371
0 none 4 0 2 6.42709
0 none 4 1 3 7.0583
0 none 4 2 0 4.77587
0 none 4 1 1 5.33614
0 none 4 3 2 6.07089
0 none 4 0 3 6.91733
0 none 4 3 0 5.72404
0 none 4 2 1 6.36219
0 none 4 0 2 7.24667
0 none 4 1 3 8.18156
0 none 4 1 0 4.78583
0 none 4 0 1 5.49945
0 none 4 2 2 6.29065
0 none 4 3 3 7.01151
0 none 4 0 0 5.30474
0 none 4 2 1 5.87316
0 none 4 1 2 6.55629
0 none 4 3 3 7.58778
0 none 4 2 0 4.90658
0 none 4 0 1 5.48919
0 none 4 3 2 6.47871
0 none 4 1 3 7.16607
0 none 4 0 0 4.87066
0 none 4 2 1 5.57824
0 none 4 3 2 6.32506
0 none 4 1 3 7.05589
0 none 1 0 0 2.4557
0 none 1 0 0 2.72829
0 none 1 0 0 2.55532
0 none 1 0 0 2.72165
0 none 1 0 0 2.62022
0 none 1 0 0 3.0854
0 none 1 0 0 2.89492
0 none 1 0 0 2.71622
0 none 1 0 0 2.62928
0 none 1 0 0 2.93598
8000000 none 10 1 0 3516.29
8000000 none 10 0 1 4559.16
8000000 none 10 3 2 5273.53
8000000 none 10 2 3 6315.82
8000000 none 10 4 4 7190.41
8000000 none 10 5 5 7943.28
8000000 none 10 6 6 8779.73
8000000 none 10 8 7 9671.62
8000000 none 10 7 8 10556.9
8000000 none 10 9 9 11496.7
8000000 none 10 0 0 3580.37
8000000 none 10 1 1 4416.41
8000000 none 10 3 2 5109.29
8000000 none 10 2 3 6179.45
8000000 none 10 4 4 7067.6
8000000 none 10 5 5 7849.75
8000000 none 10 6 6 8755.12
8000000 none 10 9 7 9356.39
8000000 none 10 7 8 10382.4
8000000 none 10 8 9 11355.5
8000000 none 10 0 0 3471.59
8000000 none 10 1 1 4434.69
8000000 none 10 2 2 5269.42
8000000 none 10 3 3 5997.17
8000000 none 10 5 4 6683.79
8000000 none 10 4 5 7636.63
8000000 none 10 6 6 8248.32
8000000 none 10 7 7 9237.95
8000000 none 10 9 8 10098.6
8000000 none 10 8 9 11234.9
8000000 none 10 0 0 3548.59
8000000 none 10 1 1 4395.41
8000000 none 10 3 2 5249.35
8000000 none 10 2 3 6246.84
8000000 none 10 4 4 7185.88
8000000 none 10 6 5 7800.51
8000000 none 10 5 6 8772.76
8000000 none 10 9 7 9383.97
8000000 none 10 7 8 10528.3
8000000 none 10 8 9 11284.3
8000000 none 10 0 0 3468.18
8000000 none 10 1 1 4380.02
8000000 none 10 3 2 5365.56
8000000 none 10 2 3 6343.47
8000000 none 10 4 4 7214.78
8000000 none 10 6 5 7844.75
8000000 none 10 9 6 8691.81
8000000 none 10 5 7 9888.88
8000000 none 10 7 8 10623.7
8000000 none 10 8 9 11573.6
8000000 none 10 0 0 3439.71
8000000 none 10 1 1 4308.4
8000000 none 10 2 2 5249.52
8000000 none 10 3 3 6055.87
8000000 none 10 4 4 6925.9
8000000 none 10 6 5 7691.82
8000000 none 10 5 6 8643.73
8000000 none 10 8 7 9384.56
8000000 none 10 9 8 10155.3
8000000 none 10 7 9 11196.1
8000000 none 10 0 0 3537.8
8000000 none 10 1 1 4296.66
8000000 none 10 2 2 5307.77
8000000 none 10 3 3 6085.01
8000000 none 10 5 4 6806.76
8000000 none 10 4 5 7905.42
8000000 none 10 6 6 8629.21
8000000 none 10 7 7 9396.11
8000000 none 10 8 8 10170.1
8000000 none 10 9 9 11137.5
8000000 none 10 0 0 3541.05
8000000 none 10 2 1 4497.26
8000000 none 10 1 2 5482.91
8000000 none 10 3 3 6296.36
8000000 none 10 4 4 7034.02
8000000 none 10 5 5 7849.19
8000000 none 10 6 6 8682.37
8000000 none 10 7 7 9467.09
8000000 none 10 9 8 10353.1
8000000 none 10 8 9 11372.2
8000000 none 10 0 0 3468.39
8000000 none 10 1 1 4451.91
8000000 none 10 2 2 5209.86
8000000 none 10 3 3 6064.2
8000000 none 10 4 4 6931.01
8000000 none 10 6 5 7625.66
8000000 none 10 5 6 8553.84
8000000 none 10 7 7 9387.32
8000000 none 10 8 8 10323.5
8000000 none 10 9 9 11271.4
8000000 none 10 0 0 3499.49
8000000 none 10 1 1 4338.09
8000000 none 10 3 2 5158.19
8000000 none 10 2 3 6258.31
8000000 none 10 4 4 7103.42
8000000 none 10 5 5 7864.02
8000000 none 10 6 6 8853.41
8000000 none 10 7 7 9591
8000000 none 10 9 8 10495.1
8000000 none 10 8 9 11517.5
8000000 none 4 0 0 2117.26
8000000 none 4 1 1 2976.37
8000000 none 4 2 2 3853.98
8000000 none 4 3 3 4808.88
8000000 none 4 1 0 2113.28
8000000 none 4 0 1 3133.83
8000000 none 4 3 2 4036.15
8000000 none 4 2 3 5209.47
8000000 none 4 0 0 2094.39
8000000 none 4 1 1 2904.14
8000000 none 4 3 2 3886.15
8000000 none 4 2 3 5026.89
8000000 none 4 0 0 2141.32
8000000 none 4 1 1 3086.69
8000000 none 4 2 2 4037.38
8000000 none 4 3 3 4878.56
8000000 none 4 0 0 2035.37
8000000 none 4 1 1 2980.57
8000000 none 4 2 2 3925.88
8000000 none 4 3 3 4815.93
8000000 none 4 0 0 2080.2
8000000 none 4 1 1 3087.46
8000000 none 4 2 2 3857.62
8000000 none 4 3 3 4727.35
8000000 none 4 0 0 2145.48
8000000 none 4 1 1 3018.67
8000000 none 4 2 2 3931.76
8000000 none 4 3 3 4949.86
8000000 none 4 0 0 2147.58
8000000 none 4 1 1 2979.29
8000000 none 4 3 2 3862.29
8000000 none 4 2 3 4763.54
8000000 none 4 0 0 2178.53
8000000 none 4 1 1 3141.92
8000000 none 4 2 2 4126.25
8000000 none 4 3 3 4904.44
8000000 none 4 0 0 2115.17
8000000 none 4 1 1 2955.33
8000000 none 4 2 2 3853.53
8000000 none 4 3 3 4741.08
8000000 none 1 0 0 1867.67
8000000 none 1 0 0 1612.68
8000000 none 1 0 0 1768.27
8000000 none 1 0 0 1898.22
8000000 none 1 0 0 1969.48
8000000 none 1 0 0 1842.43
8000000 none 1 0 0 1766.64
8000000 none 1 0 0 1881.97
8000000 none 1 0 0 1720.16
8000000 none 1 0 0 1958.7
15000000 none 1 0 0 3326.55
15000000 none 1 0 0 3308.27
15000000 none 1 0 0 3351.02
15000000 none 1 0 0 3461.71
15000000 none 1 0 0 3554.06
15000000 none 1 0 0 3267.05
15000000 none 1 0 0 3649.93
15000000 none 1 0 0 3476.42
15000000 none 1 0 0 3684.03
15000000 none 1 0 0 3493.7
15000000 none 1 0 0 3638.42
15000000 none 1 0 0 3660.41
15000000 none 1 0 0 3519.65
15000000 none 1 0 0 3103.52
15000000 none 1 0 0 3421.62
15000000 none 1 0 0 3655.76
15000000 none 1 0 0 3526.1
15000000 none 1 0 0 3545.38
15000000 none 1 0 0 3275.5
15000000 none 1 0 0 3570.44
15000000 none 1 0 0 3647.57
15000000 none 1 0 0 3392.59
15000000 none 1 0 0 3634.01
15000000 none 1 0 0 3502.53
15000000 none 1 0 0 3632.03
15000000 none 1 0 0 3416.96
15000000 none 1 0 0 3302.01
15000000 none 1 0 0 3345.18
15000000 none 1 0 0 3062.77
15000000 none 1 0 0 3332.05
20000000 none 1 0 0 4839.72
20000000 none 1 0 0 4503.74
20000000 none 1 0 0 4808.42
20000000 none 1 0 0 4524.5
20000000 none 1 0 0 4812.74
20000000 none 1 0 0 4608.38
20000000 none 1 0 0 4885.56
20000000 none 1 0 0 4661.28
20000000 none 1 0 0 4760.45
20000000 none 1 0 0 4576.16
20000000 none 1 0 0 4690.75
20000000 none 1 0 0 4602.94
20000000 none 1 0 0 4802.82
20000000 none 1 0 0 4838.67
20000000 none 1 0 0 4814.12
20000000 none 1 0 0 4709.18
20000000 none 1 0 0 4604.84
20000000 none 1 0 0 4576.64
20000000 none 1 0 0 4715.68
20000000 none 1 0 0 4642.02
20000000 none 1 0 0 4231.81
20000000 none 1 0 0 4892.63
20000000 none 1 0 0 4886.78
20000000 none 1 0 0 3955.06
20000000 none 1 0 0 4889.94
20000000 none 1 0 0 4268.32
20000000 none 1 0 0 4892.33
20000000 none 1 0 0 4898.33
20000000 none 1 0 0 4743.44
20000000 none 1 0 0 4451.04
40000000 none 1 0 0 11083
40000000 none 1 0 0 11319.2
40000000 none 1 0 0 11589.4
40000000 none 1 0 0 11633.7
40000000 none 1 0 0 11656
40000000 none 1 0 0 11055.1
40000000 none 1 0 0 11727.8
40000000 none 1 0 0 11046.3
40000000 none 1 0 0 11178.4
40000000 none 1 0 0 11651.3
40000000 none 1 0 0 11527.2
40000000 none 1 0 0 11444.6
40000000 none 1 0 0 11277.6
40000000 none 1 0 0 11675.2
40000000 none 1 0 0 11569.6
40000000 none 1 0 0 11287.9
40000000 none 1 0 0 11400
40000000 none 1 0 0 11375.7
40000000 none 1 0 0 11455.7
40000000 none 1 0 0 11089.7
40000000 none 1 0 0 11043.9
40000000 none 1 0 0 11438.6
40000000 none 1 0 0 11249.1
40000000 none 1 0 0 11255.8
40000000 none 1 0 0 11461
40000000 none 1 0 0 11510.4
40000000 none 1 0 0 11433.2
40000000 none 1 0 0 11348.8
40000000 none 1 0 0 11375.3
40000000 none 1 0 0 11511.8
80000000 none 1 0 0 38119.4
80000000 none 1 0 0 37785.5
80000000 none 1 0 0 38555.9
80000000 none 1 0 0 38803.5
80000000 none 1 0 0 38311.4
80000000 none 1 0 0 38346.9
80000000 none 1 0 0 38110.4
80000000 none 1 0 0 38355.1
80000000 none 1 0 0 38235.5
80000000 none 1 0 0 38077.3
80000000 none 1 0 0 38431.6
80000000 none 1 0 0 37784.2
80000000 none 1 0 0 38317.2
80000000 none 1 0 0 37566.3
80000000 none 1 0 0 38039.8
80000000 none 1 0 0 38588.6
80000000 none 1 0 0 37369
80000000 none 1 0 0 38090.7
80000000 none 1 0 0 38319.5
80000000 none 1 0 0 37448.4
80000000 none 1 0 0 37912.6
80000000 none 1 0 0 38481.8
80000000 none 1 0 0 37291.4
80000000 none 1 0 0 38457.2
80000000 none 1 0 0 38574.9
80000000 none 1 0 0 37543.6
80000000 none 1 0 0 38224.2
80000000 none 1 0 0 38454.9
80000000 none 1 0 0 37971.9
80000000 none 1 0 0 37658.6
0 constant 10 7 0 21.2496
0 constant 10 1 1 33.9274
0 constant 10 6 2 27.1532
0 constant 10 3 3 35.1545
0 constant 10 0 4 45.2163
0 constant 10 4 5 52.4579
0 constant 10 8 6 65.2973
0 constant 10 2 7 59.5266
0 constant 10 5 8 62.4789
0 constant 10 9 9 70.8075
0 constant 10 9 0 17.6876
0 constant 10 5 1 16.7416
0 constant 10 3 2 27.8961
0 constant 10 7 3 25.5306
0 constant 10 0 4 31.4237
0 constant 10 2 5 43.4424
0 constant 10 8 6 52.1026
0 constant 10 4 7 48.206
0 constant 10 1 8 58.6991
0 constant 10 6 9 61.1168
0 constant 10 4 0 17.4779
0 constant 10 9 1 20.8891
0 constant 10 6 2 22.1911
0 constant 10 5 3 21.6815
0 constant 10 3 4 34.9859
0 constant 10 7 5 33.249
0 constant 10 0 6 44.2522
0 constant 10 2 7 49.2531
0 constant 10 8 8 62.5079
0 constant 10 1 9 61.1479
0 constant 10 5 0 15.6768
0 constant 10 3 1 19.504
0 constant 10 7 2 28.3646
0 constant 10 0 3 38.0083
0 constant 10 8 4 37.9695
0 constant 10 2 5 50.0471
0 constant 10 4 6 43.9624
0 constant 10 1 7 41.7001
0 constant 10 9 8 50.3865
0 constant 10 6 9 47.4758
0 constant 10 6 0 12.7624
0 constant 10 5 1 19.8577
0 constant 10 3 2 28.0011
0 constant 10 7 3 29.1737
0 constant 10 0 4 29.4292
0 constant 10 2 5 45.4953
0 constant 10 8 6 53.1579
0 constant 10 4 7 48.557
0 constant 10 1 8 60.854
0 constant 10 9 9 61.0839
0 constant 10 0 0 15.0125
0 constant 10 2 1 18.4866
0 constant 10 4 2 26.5497
0 constant 10 9 3 33.6501
0 constant 10 6 4 33.1758
0 constant 10 3 5 34.2843
0 constant 10 5 6 48.2677
0 constant 10 7 7 52.2049
0 constant 10 8 8 54.5422
0 constant 10 1 9 61.9602
0 constant 10 6 0 16.7481
0 constant 10 3 1 19.5667
0 constant 10 5 2 21.2937
0 constant 10 7 3 30.3165
0 constant 10 0 4 29.0993
0 constant 10 2 5 38.2217
0 constant 10 4 6 51.961
0 constant 10 8 7 58.2967
0 constant 10 1 8 61.5368
0 constant 10 9 9 61.137
0 constant 10 0 0 13.6342
0 constant 10 4 1 19.7266
0 constant 10 9 2 26.7061
0 constant 10 6 3 22.3927
0 constant 10 3 4 32.2185
0 constant 10 5 5 31.6538
0 constant 10 7 6 40.1168
0 constant 10 2 7 54.1782
0 constant 10 8 8 58.8114
0 constant 10 1 9 57.365
0 constant 10 5 0 14.0684
0 constant 10 2 1 19.4993
0 constant 10 4 2 27.7737
0 constant 10 6 3 21.7978
0 constant 10 3 4 27.9517
0 constant 10 7 5 37.4149
0 constant 10 0 6 51.7382
0 constant 10 8 7 50.6087
0 constant 10 1 8 65.5401
0 constant 10 9 9 61.4112
0 constant 10 9 0 19.4687
0 constant 10 6 1 21.495
0 constant 10 5 2 19.118
0 constant 10 7 3 34.9471
0 constant 10 0 4 29.9267
0 constant 10 2 5 45.1745
0 constant 10 4 6 44.1313
0 constant 10 8 7 48.6847
0 constant 10 1 8 60.0853
0 constant 10 3 9 62.5254
0 constant 4 1 0 9.43619
0 constant 4 3 1 10.7188
0 constant 4 0 2 7.70371
0 constant 4 2 3 9.30322
0 constant 4 0 0 8.91055
0 constant 4 2 1 11.8317
0 constant 4 1 2 12.6038
0 constant 4 3 3 14.1252
0 constant 4 2 0 8.78646
0 constant 4 1 1 10.1124
0 constant 4 3 2 10.7904
0 constant 4 0 3 8.61928
0 constant 4 0 0 11.5498
0 constant 4 2 1 10.6635
0 constant 4 1 2 10.2736
0 constant 4 3 3 11.5753
0 constant 4 0 0 9.61935
0 constant 4 2 1 8.63447
0 constant 4 1 2 10.7491
0 constant 4 3 3 11.6231
0 constant 4 0 0 8.67057
0 constant 4 2 1 9.63494
0 constant 4 1 2 13.52
0 constant 4 3 3 12.6607
0 constant 4 0 0 9.23324
0 constant 4 2 1 12.5969
0 constant 4 1 2 11.4706
0 constant 4 3 3 11.4483
0 constant 4 1 0 5.17351
0 constant 4 3 1 8.09008
0 constant 4 0 2 6.17203
0 constant 4 2 3 6.65221
0 constant 4 0 0 9.77147
0 constant 4 2 1 8.7751
0 constant 4 1 2 10.104
0 constant 4 3 3 9.92357
0 constant 4 0 0 8.80762
0 constant 4 2 1 10.0265
0 constant 4 1 2 13.975
0 constant 4 3 3 12.5666
0 constant 1 0 0 6.8972
0 constant 1 0 0 6.69761
0 constant 1 0 0 6.66861
0 constant 1 0 0 6.91111
0 constant 1 0 0 6.86418
0 constant 1 0 0 6.98474
0 constant 1 0 0 6.43636
0 constant 1 0 0 6.74764
0 constant 1 0 0 6.65573
0 constant 1 0 0 6.90647
8000000 constant 10 0 0 2825.11
8000000 constant 10 1 1 3753.38
8000000 constant 10 3 2 4558.64
8000000 constant 10 2 3 5657.98
8000000 constant 10 4 4 6440.4
8000000 constant 10 5 5 7192.87
8000000 constant 10 6 6 7955.32
8000000 constant 10 9 7 8462.87
8000000 constant 10 7 8 9586.6
8000000 constant 10 8 9 10347.9
8000000 constant 10 1 0 3189.3
8000000 constant 10 0 1 4260.34
8000000 constant 10 3 2 5010.97
8000000 constant 10 2 3 5947.32
8000000 constant 10 5 4 6574.55
8000000 constant 10 4 5 7730.66
8000000 constant 10 6 6 8440.21
8000000 constant 10 7 7 9316.78
8000000 constant 10 8 8 10270.3
8000000 constant 10 9 9 11018.4
8000000 constant 10 0 0 2929.39
8000000 constant 10 1 1 3746.23
8000000 constant 10 3 2 4435.49
8000000 constant 10 2 3 5571.64
8000000 constant 10 4 4 6394.36
8000000 constant 10 5 5 7255.25
8000000 constant 10 6 6 8056.65
8000000 constant 10 9 7 8601.63
8000000 constant 10 8 8 9754.44
8000000 constant 10 7 9 10686.9
8000000 constant 10 1 0 3027.25
8000000 constant 10 0 1 3984.11
8000000 constant 10 3 2 4690.54
8000000 constant 10 2 3 5754.99
8000000 constant 10 4 4 6376.09
8000000 constant 10 6 5 7029.38
8000000 constant 10 5 6 7983.88
8000000 constant 10 7 7 8930.49
8000000 constant 10 9 8 9794.24
8000000 constant 10 8 9 10731.8
8000000 constant 10 0 0 2981.1
8000000 constant 10 1 1 3747.03
8000000 constant 10 3 2 4564.7
8000000 constant 10 2 3 5649.47
8000000 constant 10 6 4 6180.62
8000000 constant 10 4 5 7313.83
8000000 constant 10 5 6 8100.14
8000000 constant 10 8 7 8847.56
8000000 constant 10 9 8 9754.09
8000000 constant 10 7 9 10747.9
8000000 constant 10 0 0 2922.17
8000000 constant 10 1 1 3700.74
8000000 constant 10 3 2 4554.1
8000000 constant 10 2 3 5594.57
8000000 constant 10 4 4 6399.43
8000000 constant 10 5 5 7323.35
8000000 constant 10 6 6 8117.14
8000000 constant 10 7 7 9091.37
8000000 constant 10 9 8 9913.93
8000000 constant 10 8 9 11109.3
8000000 constant 10 0 0 2833.04
8000000 constant 10 1 1 3726.98
8000000 constant 10 2 2 4632.16
8000000 constant 10 3 3 5510.64
8000000 constant 10 5 4 6280.26
8000000 constant 10 4 5 7163.28
8000000 constant 10 6 6 7887.22
8000000 constant 10 9 7 8648.02
8000000 constant 10 7 8 9735.15
8000000 constant 10 8 9 10754.9
8000000 constant 10 0 0 2815.16
8000000 constant 10 1 1 3665.87
8000000 constant 10 2 2 4624.93
8000000 constant 10 3 3 5575.99
8000000 constant 10 4 4 6317.5
8000000 constant 10 6 5 7087.02
8000000 constant 10 5 6 8143.23
8000000 constant 10 7 7 8901.6
8000000 constant 10 9 8 9693.56
8000000 constant 10 8 9 10807.7
8000000 constant 10 0 0 2920.01
8000000 constant 10 1 1 3843.48
8000000 constant 10 3 2 4690.35
8000000 constant 10 2 3 5643.38
8000000 constant 10 4 4 6490.35
8000000 constant 10 6 5 7216.8
8000000 constant 10 5 6 8154.24
8000000 constant 10 9 7 8688.46
8000000 constant 10 7 8 9804.21
8000000 constant 10 8 9 10833.6
8000000 constant 10 0 0 2907.97
8000000 constant 10 1 1 3763.12
8000000 constant 10 3 2 4506.62
8000000 constant 10 2 3 5471.11
8000000 constant 10 4 4 6399.88
8000000 constant 10 5 5 7080.42
8000000 constant 10 6 6 7915.33
8000000 constant 10 7 7 8919.46
8000000 constant 10 9 8 9550.87
8000000 constant 10 8 9 10619.1
8000000 constant 4 0 0 2293.1
8000000 constant 4 1 1 3221.35
8000000 constant 4 2 2 4015.26
8000000 constant 4 3 3 4896.33
8000000 constant 4 0 0 2263.25
8000000 constant 4 1 1 3291.27
8000000 constant 4 2 2 4312.56
8000000 constant 4 3 3 5257.98
8000000 constant 4 0 0 2094.58
8000000 constant 4 1 1 2884.27
8000000 constant 4 2 2 3797.09
8000000 constant 4 3 3 4775.92
8000000 constant 4 0 0 2270.15
8000000 constant 4 1 1 3242.72
8000000 constant 4 3 2 4093.36
8000000 constant 4 2 3 5025.25
8000000 constant 4 0 0 2108.6
8000000 constant 4 1 1 2891.59
8000000 constant 4 3 2 3728.85
8000000 constant 4 2 3 4721.84
8000000 constant 4 0 0 2339.23
8000000 constant 4 1 1 3134.98
8000000 constant 4 2 2 4056.82
8000000 constant 4 3 3 4926.91
8000000 constant 4 0 0 2196.92
8000000 constant 4 1 1 3028.3
8000000 constant 4 3 2 3803.51
8000000 constant 4 2 3 4843.37
8000000 constant 4 0 0 2076.13
8000000 constant 4 1 1 2908.13
8000000 constant 4 2 2 3824.32
8000000 constant 4 3 3 4712.9
8000000 constant 4 0 0 2182.52
8000000 constant 4 1 1 2945.71
8000000 constant 4 3 2 3743.45
8000000 constant 4 2 3 4810.96
8000000 constant 4 0 0 2236.35
8000000 constant 4 1 1 3119.21
8000000 constant 4 2 2 3938.29
8000000 constant 4 3 3 4749.72
8000000 constant 1 0 0 1915.67
8000000 constant 1 0 0 1854.22
8000000 constant 1 0 0 2018.88
8000000 constant 1 0 0 1896.41
8000000 constant 1 0 0 2002.73
8000000 constant 1 0 0 1667.12
8000000 constant 1 0 0 1859.13
8000000 constant 1 0 0 1998.06
8000000 constant 1 0 0 2023.54
8000000 constant 1 0 0 1755.96
15000000 constant 1 0 0 3675.32
15000000 constant 1 0 0 3571.26
15000000 constant 1 0 0 3479.73
15000000 constant 1 0 0 3337.74
15000000 constant 1 0 0 3111.67
15000000 constant 1 0 0 2864.38
15000000 constant 1 0 0 3540.43
15000000 constant 1 0 0 3695.96
15000000 constant 1 0 0 2946.92
15000000 constant 1 0 0 3573.07
15000000 constant 1 0 0 3686.98
15000000 constant 1 0 0 3438.4
15000000 constant 1 0 0 3751.6
15000000 constant 1 0 0 3342.64
15000000 constant 1 0 0 3604.22
15000000 constant 1 0 0 3577.95
15000000 constant 1 0 0 3386.22
15000000 constant 1 0 0 3493.33
15000000 constant 1 0 0 3676.3
15000000 constant 1 0 0 3747.83
15000000 constant 1 0 0 3493.77
15000000 constant 1 0 0 3552.69
15000000 constant 1 0 0 3647.69
15000000 constant 1 0 0 3247.51
15000000 constant 1 0 0 3664.22
15000000 constant 1 0 0 3521.5
15000000 constant 1 0 0 3100.89
15000000 constant 1 0 0 3618.05
15000000 constant 1 0 0 3693.26
15000000 constant 1 0 0 3689.48
20000000 constant 1 0 0 4601.68
20000000 constant 1 0 0 5053.4
20000000 constant 1 0 0 4821.39
20000000 constant 1 0 0 4938.25
20000000 constant 1 0 0 4662.94
20000000 constant 1 0 0 4727.29
20000000 constant 1 0 0 4952.43
20000000 constant 1 0 0 4784.26
20000000 constant 1 0 0 4937.04
20000000 constant 1 0 0 4578.72
20000000 constant 1 0 0 4897.48
20000000 constant 1 0 0 4793.3
20000000 constant 1 0 0 4874.28
20000000 constant 1 0 0 4870.33
20000000 constant 1 0 0 4927.07
20000000 constant 1 0 0 4793.7
20000000 constant 1 0 0 4925.67
20000000 constant 1 0 0 4764.4
20000000 constant 1 0 0 4907.38
20000000 constant 1 0 0 4854.5
20000000 constant 1 0 0 4959.2
20000000 constant 1 0 0 4942.26
20000000 constant 1 0 0 4905.61
20000000 constant 1 0 0 4947.72
20000000 constant 1 0 0 4600.57
20000000 constant 1 0 0 4636.91
20000000 constant 1 0 0 4890.36
20000000 constant 1 0 0 4848.63
20000000 constant 1 0 0 4384.59
20000000 constant 1 0 0 5003.81
40000000 constant 1 0 0 11324
40000000 constant 1 0 0 11256.8
40000000 constant 1 0 0 11715.7
40000000 constant 1 0 0 11594.1
40000000 constant 1 0 0 11297.1
40000000 constant 1 0 0 11165.2
40000000 constant 1 0 0 11267.1
40000000 constant 1 0 0 11304.4
40000000 constant 1 0 0 11561
40000000 constant 1 0 0 11590.5
40000000 constant 1 0 0 11193.8
40000000 constant 1 0 0 11352.8
40000000 constant 1 0 0 11493.7
40000000 constant 1 0 0 11532.9
40000000 constant 1 0 0 11746.2
40000000 constant 1 0 0 11473.8
40000000 constant 1 0 0 11339.7
40000000 constant 1 0 0 11255.9
40000000 constant 1 0 0 10957.6
40000000 constant 1 0 0 11452.8
40000000 constant 1 0 0 11436.5
40000000 constant 1 0 0 11711.3
40000000 constant 1 0 0 11279.6
40000000 constant 1 0 0 11292
40000000 constant 1 0 0 11580.5
40000000 constant 1 0 0 11774.6
40000000 constant 1 0 0 11724.1
40000000 constant 1 0 0 11613
40000000 constant 1 0 0 11489.3
40000000 constant 1 0 0 11505.2
80000000 constant 1 0 0 38203.7
80000000 constant 1 0 0 39212.9
80000000 constant 1 0 0 37559.3
80000000 constant 1 0 0 37853.6
80000000 constant 1 0 0 37831.3
80000000 constant 1 0 0 38108.5
80000000 constant 1 0 0 38684.3
80000000 constant 1 0 0 37679.8
80000000 constant 1 0 0 38085.6
80000000 constant 1 0 0 37993.1
80000000 constant 1 0 0 38247.6
80000000 constant 1 0 0 38030
80000000 constant 1 0 0 38360.5
80000000 constant 1 0 0 37873.5
80000000 constant 1 0 0 43302.2
80000000 constant 1 0 0 38489.5
80000000 constant 1 0 0 37738.4
80000000 constant 1 0 0 38474.5
80000000 constant 1 0 0 38255.9
80000000 constant 1 0 0 38734.5
80000000 constant 1 0 0 38394.7
80000000 constant 1 0 0 37561.6
80000000 constant 1 0 0 38715.6
80000000 constant 1 0 0 38321.6
80000000 constant 1 0 0 38374.7
80000000 constant 1 0 0 37980.7
80000000 constant 1 0 0 38328.7
80000000 constant 1 0 0 38655.2
80000000 constant 1 0 0 37811.6
80000000 constant 1 0 0 38150.1
0 random 10 6 0 20.0427
0 random 10 5 1 14.941
0 random 10 0 2 27.5825
0 random 10 2 3 38.5443
0 random 10 3 4 46.8911
0 random 10 1 5 56.3765
0 random 10 4 6 52.3899
0 random 10 8 7 68.0849
0 random 10 9 8 74.1887
0 random 10 7 9 77.9975
0 random 10 1 0 19.1316
0 random 10 0 1 18.4531
0 random 10 6 2 17.5688
0 random 10 4 3 29.103
0 random 10 7 4 31.3753
0 random 10 3 5 42.1468
0 random 10 8 6 55.135
0 random 10 5 7 50.9379
0 random 10 9 8 59.352
0 random 10 2 9 60.4179
0 random 10 2 0 18.1556
0 random 10 4 1 19.0657
0 random 10 6 2 25.1309
0 random 10 3 3 36.5037
0 random 10 5 4 35.7151
0 random 10 9 5 38.8027
0 random 10 1 6 38.6149
0 random 10 0 7 40.7392
0 random 10 7 8 52.2645
0 random 10 8 9 51.4314
0 random 10 6 0 14.4689
0 random 10 8 1 18.7731
0 random 10 5 2 17.6309
0 random 10 9 3 23.6859
0 random 10 1 4 34.2296
0 random 10 0 5 33.2383
0 random 10 2 6 34.479
0 random 10 4 7 36.4435
0 random 10 3 8 42.8337
0 random 10 7 9 52.1234
0 random 10 1 0 16.5889
0 random 10 0 1 21.3755
0 random 10 2 2 19.1716
0 random 10 4 3 21.7351
0 random 10 6 4 25.3593
0 random 10 7 5 32.7069
0 random 10 3 6 30.0415
0 random 10 8 7 43.1358
0 random 10 9 8 35.8357
0 random 10 5 9 35.0363
0 random 10 2 0 13.8079
0 random 10 7 1 19.5616
0 random 10 3 2 24.5981
0 random 10 5 3 23.306
0 random 10 9 4 29.9735
0 random 10 1 5 32.6091
0 random 10 0 6 36.0022
0 random 10 4 7 41.8766
0 random 10 6 8 42.6858
0 random 10 8 9 49.9005
0 random 10 7 0 15.4666
0 random 10 5 1 16.6834
0 random 10 9 2 26.8393
0 random 10 1 3 23.617
0 random 10 2 4 30.8021
0 random 10 0 5 40.6133
0 random 10 4 6 41.7299
0 random 10 6 7 42.704
0 random 10 3 8 61.5545
0 random 10 8 9 68.2114
0 random 10 1 0 16.0348
0 random 10 0 1 15.7139
0 random 10 2 2 31.4635
0 random 10 4 3 37.51
0 random 10 7 4 30.8902
0 random 10 3 5 42.5715
0 random 10 5 6 39.3388
0 random 10 9 7 50.3457
0 random 10 6 8 48.1739
0 random 10 8 9 59.9917
0 random 10 5 0 15.0194
0 random 10 9 1 22.7821
0 random 10 0 2 25.2511
0 random 10 2 3 28.356
0 random 10 6 4 25.5831
0 random 10 7 5 39.2663
0 random 10 3 6 39.2765
0 random 10 8 7 40.4209
0 random 10 1 8 42.4424
0 random 10 4 9 39.7975
0 random 10 1 0 14.2488
0 random 10 2 1 16.9382
0 random 10 4 2 20.141
0 random 10 6 3 23.5241
0 random 10 3 4 34.3289
0 random 10 5 5 40.1766
0 random 10 9 6 43.6494
0 random 10 0 7 43.4107
0 random 10 7 8 57.5487
0 random 10 8 9 54.8514
0 random 4 1 0 7.88724
0 random 4 3 1 11.0968
0 random 4 0 2 10.6573
0 random 4 2 3 12.9388
0 random 4 0 0 8.57468
0 random 4 2 1 10.822
0 random 4 1 2 8.28132
0 random 4 3 3 13.0666
0 random 4 1 0 9.11885
0 random 4 3 1 13.0837
0 random 4 0 2 10.3823
0 random 4 2 3 10.9295
0 random 4 1 0 9.293
0 random 4 3 1 12.3568
0 random 4 0 2 9.87305
0 random 4 2 3 13.3817
0 random 4 1 0 10.9288
0 random 4 3 1 12.1651
0 random 4 0 2 10.5583
0 random 4 2 3 14.222
0 random 4 0 0 5.02771
0 random 4 2 1 6.34073
0 random 4 1 2 4.68419
0 random 4 3 3 7.84002
0 random 4 1 0 10.7657
0 random 4 3 1 10.778
0 random 4 0 2 10.5184
0 random 4 2 3 12.7619
0 random 4 1 0 9.48008
0 random 4 3 1 12.7865
0 random 4 0 2 11.0259
0 random 4 2 3 11.2879
0 random 4 1 0 11.5917
0 random 4 3 1 12.0275
0 random 4 0 2 11.9007
0 random 4 2 3 11.6669
0 random 4 1 0 10.3999
0 random 4 3 1 11.8695
0 random 4 0 2 10.0469
0 random 4 2 3 14.6826
0 random 1 0 0 6.75522
0 random 1 0 0 6.87781
0 random 1 0 0 6.53734
0 random 1 0 0 6.35396
0 random 1 0 0 6.53852
0 random 1 0 0 6.53431
0 random 1 0 0 6.55752
0 random 1 0 0 6.3945
0 random 1 0 0 6.18376
0 random 1 0 0 6.82038
8000000 random 10 0 0 3058.65
8000000 random 10 1 1 3880.47
8000000 random 10 3 2 4691.75
8000000 random 10 2 3 5837.25
8000000 random 10 4 4 6628.19
8000000 random 10 5 5 7391.73
8000000 random 10 6 6 8245.97
8000000 random 10 7 7 9027.48
8000000 random 10 9 8 9844.16
8000000 random 10 8 9 10979.9
8000000 random 10 0 0 3094.22
8000000 random 10 1 1 4091.06
8000000 random 10 2 2 5028.73
8000000 random 10 3 3 5952.9
8000000 random 10 5 4 6586.92
8000000 random 10 4 5 7626.74
8000000 random 10 6 6 8374.78
8000000 random 10 9 7 9078.32
8000000 random 10 8 8 10117.6
8000000 random 10 7 9 11038.4
8000000 random 10 0 0 2973.49
8000000 random 10 1 1 3798.61
8000000 random 10 2 2 4578.53
8000000 random 10 3 3 5368.79
8000000 random 10 4 4 6258.53
8000000 random 10 6 5 6948.49
8000000 random 10 5 6 7850.87
8000000 random 10 7 7 8536.36
8000000 random 10 8 8 9539.1
8000000 random 10 9 9 10445.7
8000000 random 10 0 0 3432.83
8000000 random 10 1 1 4362.63
8000000 random 10 2 2 5255.96
8000000 random 10 3 3 6015.07
8000000 random 10 5 4 6763.34
8000000 random 10 4 5 7795.47
8000000 random 10 6 6 8499.21
8000000 random 10 8 7 9368.99
8000000 random 10 7 8 10297.9
8000000 random 10 9 9 11035
8000000 random 10 0 0 2833.18
8000000 random 10 1 1 3620.51
8000000 random 10 2 2 4471.18
8000000 random 10 3 3 5231.16
8000000 random 10 4 4 6010.38
8000000 random 10 5 5 6751.69
8000000 random 10 6 6 7668.8
8000000 random 10 7 7 8442.53
8000000 random 10 9 8 9130.46
8000000 random 10 8 9 10287
8000000 random 10 0 0 3114.1
8000000 random 10 1 1 3962.21
8000000 random 10 2 2 4746.15
8000000 random 10 3 3 5560.77
8000000 random 10 4 4 6554.35
8000000 random 10 6 5 7219.39
8000000 random 10 5 6 8224.6
8000000 random 10 8 7 8963.58
8000000 random 10 9 8 9783.89
8000000 random 10 7 9 10941.6
8000000 random 10 0 0 3192.82
8000000 random 10 1 1 4059
8000000 random 10 2 2 4941.33
8000000 random 10 3 3 5901.33
8000000 random 10 4 4 6657.93
8000000 random 10 5 5 7410.45
8000000 random 10 6 6 8160.99
8000000 random 10 7 7 9032.02
8000000 random 10 9 8 9820.38
8000000 random 10 8 9 10814
8000000 random 10 0 0 2857.09
8000000 random 10 1 1 3826.46
8000000 random 10 3 2 4652.85
8000000 random 10 2 3 5717.11
8000000 random 10 4 4 6509.12
8000000 random 10 5 5 7251
8000000 random 10 6 6 8098.64
8000000 random 10 9 7 8836.1
8000000 random 10 7 8 9957.43
8000000 random 10 8 9 10909.7
8000000 random 10 0 0 3025.96
8000000 random 10 1 1 4035.9
8000000 random 10 3 2 4714.5
8000000 random 10 2 3 5664.65
8000000 random 10 4 4 6398.74
8000000 random 10 6 5 7047.31
8000000 random 10 7 6 8069.43
8000000 random 10 5 7 9055.14
8000000 random 10 9 8 9691.57
8000000 random 10 8 9 10705.6
8000000 random 10 0 0 2872.47
8000000 random 10 1 1 3925.97
8000000 random 10 2 2 4735.77
8000000 random 10 3 3 5572.97
8000000 random 10 4 4 6316.94
8000000 random 10 6 5 7040.89
8000000 random 10 5 6 8172.05
8000000 random 10 8 7 8963.97
8000000 random 10 7 8 10051.1
8000000 random 10 9 9 10995.1
8000000 random 4 0 0 2280.96
8000000 random 4 1 1 3064.96
8000000 random 4 3 2 3834.31
8000000 random 4 2 3 4908.59
8000000 random 4 0 0 2144.14
8000000 random 4 1 1 3009
8000000 random 4 3 2 3941.21
8000000 random 4 2 3 5056.08
8000000 random 4 0 0 2060.55
8000000 random 4 1 1 2978.6
8000000 random 4 2 2 3964.47
8000000 random 4 3 3 4854.13
8000000 random 4 0 0 2196.41
8000000 random 4 1 1 3213.46
8000000 random 4 3 2 4025.61
8000000 random 4 2 3 5131.35
8000000 random 4 0 0 2288.87
8000000 random 4 1 1 3133.58
8000000 random 4 2 2 3951.7
8000000 random 4 3 3 4772.19
8000000 random 4 0 0 2396.24
8000000 random 4 1 1 3398.07
8000000 random 4 2 2 4255.02
8000000 random 4 3 3 5094.55
8000000 random 4 0 0 2133.15
8000000 random 4 2 1 2954.33
8000000 random 4 1 2 3944.12
8000000 random 4 3 3 4636.7
8000000 random 4 0 0 2307.66
8000000 random 4 1 1 3216.78
8000000 random 4 3 2 4131.68
8000000 random 4 2 3 5253.42
8000000 random 4 0 0 2092.27
8000000 random 4 1 1 2875.13
8000000 random 4 3 2 3551.7
8000000 random 4 2 3 4491.37
8000000 random 4 0 0 2176.24
8000000 random 4 1 1 3028.88
8000000 random 4 3 2 3815.43
8000000 random 4 2 3 4830.24
8000000 random 1 0 0 1656.27
8000000 random 1 0 0 1917.21
8000000 random 1 0 0 1753.22
8000000 random 1 0 0 1737.69
8000000 random 1 0 0 1853.43
8000000 random 1 0 0 1744.21
8000000 random 1 0 0 2119.9
8000000 random 1 0 0 1907.67
8000000 random 1 0 0 1839.78
8000000 random 1 0 0 1767.14
15000000 random 1 0 0 3547.85
15000000 random 1 0 0 3668.29
15000000 random 1 0 0 3613.41
15000000 random 1 0 0 3306.03
15000000 random 1 0 0 3567.15
15000000 random 1 0 0 3196.95
15000000 random 1 0 0 3739.93
15000000 random 1 0 0 3388.09
15000000 random 1 0 0 3386.31
15000000 random 1 0 0 3254.18
15000000 random 1 0 0 3652.91
15000000 random 1 0 0 3397.68
15000000 random 1 0 0 3298.88
15000000 random 1 0 0 3322.98
15000000 random 1 0 0 3355.55
15000000 random 1 0 0 3375.34
15000000 random 1 0 0 3192
15000000 random 1 0 0 3377.75
15000000 random 1 0 0 3639.47
15000000 random 1 0 0 3677.19
15000000 random 1 0 0 3648.84
15000000 random 1 0 0 3299.31
15000000 random 1 0 0 3100.68
15000000 random 1 0 0 3763.66
15000000 random 1 0 0 3595.19
15000000 random 1 0 0 3343.61
15000000 random 1 0 0 3619.58
15000000 random 1 0 0 3623.35
15000000 random 1 0 0 3488.8
15000000 random 1 0 0 3161.68
20000000 random 1 0 0 4856.52
20000000 random 1 0 0 4921.39
20000000 random 1 0 0 4959.32
20000000 random 1 0 0 4346.94
20000000 random 1 0 0 4706.84
20000000 random 1 0 0 4927.8
20000000 random 1 0 0 4914.23
20000000 random 1 0 0 4927.46
20000000 random 1 0 0 4739.28
20000000 random 1 0 0 4663.01
20000000 random 1 0 0 4232.45
20000000 random 1 0 0 4946.57
20000000 random 1 0 0 4471.43
20000000 random 1 0 0 4983.3
20000000 random 1 0 0 4898.74
20000000 random 1 0 0 4744.48
20000000 random 1 0 0 4350.26
20000000 random 1 0 0 4659.43
20000000 random 1 0 0 4689.94
20000000 random 1 0 0 4693.61
20000000 random 1 0 0 4660.83
20000000 random 1 0 0 4952.43
20000000 random 1 0 0 4919.23
20000000 random 1 0 0 4905.24
20000000 random 1 0 0 4866.34
20000000 random 1 0 0 4894.27
20000000 random 1 0 0 4725.34
20000000 random 1 0 0 4831.08
20000000 random 1 0 0 4244.38
20000000 random 1 0 0 4944.96
40000000 random 1 0 0 11462.3
40000000 random 1 0 0 11215.3
40000000 random 1 0 0 11453.2
40000000 random 1 0 0 11780.2
40000000 random 1 0 0 11300.1
40000000 random 1 0 0 11454.5
40000000 random 1 0 0 11691.6
40000000 random 1 0 0 11386.1
40000000 random 1 0 0 10837.2
40000000 random 1 0 0 11658.8
40000000 random 1 0 0 11112.2
40000000 random 1 0 0 11031.1
40000000 random 1 0 0 11644.7
40000000 random 1 0 0 11356.4
40000000 random 1 0 0 11123.7
40000000 random 1 0 0 11271.2
40000000 random 1 0 0 11444.9
40000000 random 1 0 0 11506.6
40000000 random 1 0 0 10836.9
40000000 random 1 0 0 11740.6
40000000 random 1 0 0 11866.4
40000000 random 1 0 0 11339.5
40000000 random 1 0 0 11921.9
40000000 random 1 0 0 11763.8
40000000 random 1 0 0 11266.3
40000000 random 1 0 0 11750.5
40000000 random 1 0 0 11446.3
40000000 random 1 0 0 11061.5
40000000 random 1 0 0 11525.8
40000000 random 1 0 0 11353.5
80000000 random 1 0 0 37875.5
80000000 random 1 0 0 38640.4
80000000 random 1 0 0 38492.4
80000000 random 1 0 0 37916.7
80000000 random 1 0 0 38347
80000000 random 1 0 0 38119.5
80000000 random 1 0 0 38192.5
80000000 random 1 0 0 38665.2
80000000 random 1 0 0 37380.6
80000000 random 1 0 0 38697.2
80000000 random 1 0 0 38392.5
80000000 random 1 0 0 37912.1
80000000 random 1 0 0 38603
80000000 random 1 0 0 38454.7
80000000 random 1 0 0 38572.8
80000000 random 1 0 0 37964.4
80000000 random 1 0 0 38200.6
80000000 random 1 0 0 37179.5
80000000 random 1 0 0 38439.6
80000000 random 1 0 0 37832.8
80000000 random 1 0 0 38311.9
80000000 random 1 0 0 38805.5
80000000 random 1 0 0 38005.7
80000000 random 1 0 0 38527
80000000 random 1 0 0 38081.7
80000000 random 1 0 0 37550.3
80000000 random 1 0 0 38925.4
80000000 random 1 0 0 38457.9
80000000 random 1 0 0 37814.6
80000000 random 1 0 0 38461.7
0 distributed 10 0 0 32.1104
0 distributed 10 1 1 28.3608
0 distributed 10 2 2 61.7636
0 distributed 10 3 3 38.858
0 distributed 10 4 4 56.1801
0 distributed 10 5 5 20.633
0 distributed 10 6 6 25.5217
0 distributed 10 7 7 70.1593
0 distributed 10 8 8 52.363
0 distributed 10 9 9 46.6957
0 distributed 10 0 0 16.1998
0 distributed 10 1 1 15.3723
0 distributed 10 2 2 19.0382
0 distributed 10 3 3 20.8116
0 distributed 10 4 4 14.7593
0 distributed 10 5 5 13.3246
0 distributed 10 6 6 16.0403
0 distributed 10 7 7 29.3852
0 distributed 10 8 8 31.8136
0 distributed 10 9 9 27.2955
0 distributed 10 0 0 11.2601
0 distributed 10 1 1 23.0879
0 distributed 10 2 2 14.4034
0 distributed 10 3 3 12.0758
0 distributed 10 4 4 19.5113
0 distributed 10 5 5 14.854
0 distributed 10 6 6 17.4474
0 distributed 10 7 7 30.8687
0 distributed 10 8 8 25.4899
0 distributed 10 9 9 28.7714
0 distributed 10 0 0 12.6625
0 distributed 10 1 1 11.9633
0 distributed 10 2 2 17.438
0 distributed 10 3 3 19.2563
0 distributed 10 4 4 16.0503
0 distributed 10 5 5 27.3461
0 distributed 10 6 6 21.5642
0 distributed 10 7 7 18.9822
0 distributed 10 8 8 26.1217
0 distributed 10 9 9 25.809
0 distributed 10 0 0 12.7531
0 distributed 10 1 1 15.9558
0 distributed 10 2 2 26.5029
0 distributed 10 3 3 22.6373
0 distributed 10 4 4 21.0497
0 distributed 10 5 5 18.8487
0 distributed 10 6 6 14.0053
0 distributed 10 7 7 18.3343
0 distributed 10 8 8 29.4979
0 distributed 10 9 9 21.4802
0 distributed 10 0 0 13.9144
0 distributed 10 1 1 12.2661
0 distributed 10 2 2 25.0786
0 distributed 10 3 3 15.1059
0 distributed 10 4 4 17.1639
0 distributed 10 5 5 17.8214
0 distributed 10 6 6 21.8523
0 distributed 10 7 7 23.6523
0 distributed 10 8 8 29.9976
0 distributed 10 9 9 27.7841
0 distributed 10 0 0 12.9327
0 distributed 10 1 1 19.4983
0 distributed 10 2 2 12.7376
0 distributed 10 3 3 14.276
0 distributed 10 4 4 17.5192
0 distributed 10 5 5 20.3583
0 distributed 10 6 6 18.5888
0 distributed 10 7 7 26.4971
0 distributed 10 8 8 30.8274
0 distributed 10 9 9 20.1513
0 distributed 10 0 0 22.1506
0 distributed 10 1 1 16.7597
0 distributed 10 2 2 15.7444
0 distributed 10 3 3 13.5357
0 distributed 10 4 4 19.4566
0 distributed 10 5 5 15.198
0 distributed 10 6 6 14.8978
0 distributed 10 7 7 22.662
0 distributed 10 8 8 29.6653
0 distributed 10 9 9 25.4916
0 distributed 10 0 0 14.7979
0 distributed 10 1 1 22.3817
0 distributed 10 2 2 14.4528
0 distributed 10 3 3 17.7319
0 distributed 10 4 4 19.6329
0 distributed 10 5 5 14.3804
0 distributed 10 6 6 14.4358
0 distributed 10 7 7 22.5814
0 distributed 10 8 8 28.71
0 distributed 10 9 9 26.1917
0 distributed 10 0 0 13.0504
0 distributed 10 1 1 11.4757
0 distributed 10 2 2 21.5698
0 distributed 10 3 3 15.2929
0 distributed 10 4 4 19.8101
0 distributed 10 5 5 17.5693
0 distributed 10 6 6 24.7556
0 distributed 10 7 7 27.8674
0 distributed 10 8 8 20.1509
0 distributed 10 9 9 23.4943
0 distributed 4 0 0 8.96373
0 distributed 4 1 1 9.65858
0 distributed 4 2 2 8.82634
0 distributed 4 3 3 11.5614
0 distributed 4 0 0 7.43386
0 distributed 4 1 1 8.12679
0 distributed 4 2 2 10.2928
0 distributed 4 3 3 10.2804
0 distributed 4 0 0 7.62189
0 distributed 4 1 1 9.36662
0 distributed 4 2 2 8.6955
0 distributed 4 3 3 7.42116
0 distributed 4 0 0 8.92657
0 distributed 4 1 1 8.22481
0 distributed 4 2 2 8.95039
0 distributed 4 3 3 11.1203
0 distributed 4 0 0 8.20874
0 distributed 4 1 1 8.13041
0 distributed 4 2 2 9.83948
0 distributed 4 3 3 11.566
0 distributed 4 0 0 7.15038
0 distributed 4 1 1 9.91463
0 distributed 4 2 2 9.63716
0 distributed 4 3 3 9.42366
0 distributed 4 0 0 8.15198
0 distributed 4 1 1 7.79312
0 distributed 4 2 2 11.5053
0 distributed 4 3 3 6.27657
0 distributed 4 0 0 7.01785
0 distributed 4 1 1 8.19357
0 distributed 4 2 2 9.40698
0 distributed 4 3 3 10.5126
0 distributed 4 0 0 7.73089
0 distributed 4 1 1 9.22742
0 distributed 4 2 2 9.49608
0 distributed 4 3 3 11.57
0 distributed 4 0 0 7.36834
0 distributed 4 1 1 8.429
0 distributed 4 2 2 10.9112
0 distributed 4 3 3 10.5878
0 distributed 1 0 0 6.37448
0 distributed 1 0 0 6.11494
0 distributed 1 0 0 6.35835
0 distributed 1 0 0 6.36987
0 distributed 1 0 0 6.62647
0 distributed 1 0 0 6.5227
0 distributed 1 0 0 6.59859
0 distributed 1 0 0 6.46834
0 distributed 1 0 0 6.35631
0 distributed 1 0 0 6.30661
8000000 distributed 10 0 0 3135.44
8000000 distributed 10 1 1 3246.66
8000000 distributed 10 2 2 3404.57
8000000 distributed 10 3 3 3502.35
8000000 distributed 10 4 4 3513.54
8000000 distributed 10 5 5 3601.09
8000000 distributed 10 6 6 3415.14
8000000 distributed 10 7 7 3618.71
8000000 distributed 10 8 8 3518.51
8000000 distributed 10 9 9 3396.72
8000000 distributed 10 0 0 3061.18
8000000 distributed 10 1 1 3133.16
8000000 distributed 10 2 2 3561.71
8000000 distributed 10 3 3 3517.74
8000000 distributed 10 4 4 3474.69
8000000 distributed 10 5 5 3493.05
8000000 distributed 10 6 6 3314.49
8000000 distributed 10 7 7 3632.76
8000000 distributed 10 8 8 3590.22
8000000 distributed 10 9 9 3422.12
8000000 distributed 10 0 0 3102.17
8000000 distributed 10 1 1 3096.58
8000000 distributed 10 2 2 3509.35
8000000 distributed 10 3 3 3368.79
8000000 distributed 10 4 4 3531.1
8000000 distributed 10 5 5 3560.26
8000000 distributed 10 6 6 3222.84
8000000 distributed 10 7 7 3547.57
8000000 distributed 10 8 8 3522.84
8000000 distributed 10 9 9 3160.74
8000000 distributed 10 0 0 3045.98
8000000 distributed 10 1 1 3485.45
8000000 distributed 10 2 2 3274.59
8000000 distributed 10 3 3 3481.27
8000000 distributed 10 4 4 3537.32
8000000 distributed 10 5 5 3575.97
8000000 distributed 10 6 6 3356.25
8000000 distributed 10 7 7 3555.2
8000000 distributed 10 8 8 3366.11
8000000 distributed 10 9 9 3307.88
8000000 distributed 10 0 0 3092.76
8000000 distributed 10 1 1 3267.88
8000000 distributed 10 2 2 3392.71
8000000 distributed 10 3 3 3406.46
8000000 distributed 10 4 4 3493.73
8000000 distributed 10 5 5 3486.54
8000000 distributed 10 6 6 3390.85
8000000 distributed 10 7 7 3549.42
8000000 distributed 10 8 8 3357.47
8000000 distributed 10 9 9 3308.56
8000000 distributed 10 0 0 2882.87
8000000 distributed 10 1 1 3332.27
8000000 distributed 10 2 2 3301.86
8000000 distributed 10 3 3 3517.28
8000000 distributed 10 4 4 3467.85
8000000 distributed 10 5 5 3290.61
8000000 distributed 10 6 6 3368.88
8000000 distributed 10 7 7 3563.85
8000000 distributed 10 8 8 3436.61
8000000 distributed 10 9 9 3158.76
8000000 distributed 10 0 0 2992.75
8000000 distributed 10 1 1 3313.24
8000000 distributed 10 2 2 3394.14
8000000 distributed 10 3 3 3424.69
8000000 distributed 10 4 4 3472.69
8000000 distributed 10 5 5 3489.06
8000000 distributed 10 6 6 3299.35
8000000 distributed 10 7 7 3645.03
8000000 distributed 10 8 8 3378.19
8000000 distributed 10 9 9 3305.64
8000000 distributed 10 0 0 3127.62
8000000 distributed 10 1 1 3364.65
8000000 distributed 10 2 2 3721.57
8000000 distributed 10 3 3 3630.71
8000000 distributed 10 4 4 3545.46
8000000 distributed 10 5 5 3679.51
8000000 distributed 10 6 6 3386.48
8000000 distributed 10 7 7 3593.93
8000000 distributed 10 8 8 3407.91
8000000 distributed 10 9 9 3305.41
8000000 distributed 10 0 0 3003.89
8000000 distributed 10 1 1 3493.28
8000000 distributed 10 2 2 3444.89
8000000 distributed 10 3 3 3496.6
8000000 distributed 10 4 4 3657.58
8000000 distributed 10 5 5 3418.93
8000000 distributed 10 6 6 3476.06
8000000 distributed 10 7 7 3391.45
8000000 distributed 10 8 8 3503.09
8000000 distributed 10 9 9 3311.58
8000000 distributed 10 0 0 3193.38
8000000 distributed 10 1 1 3357.24
8000000 distributed 10 2 2 3521.64
8000000 distributed 10 3 3 3580.73
8000000 distributed 10 4 4 3536.78
8000000 distributed 10 5 5 3519.34
8000000 distributed 10 6 6 3370.83
8000000 distributed 10 7 7 3508.24
8000000 distributed 10 8 8 3575.88
8000000 distributed 10 9 9 3447.91
8000000 distributed 4 0 0 2194.33
8000000 distributed 4 1 1 2407.15
8000000 distributed 4 2 2 2355.73
8000000 distributed 4 3 3 2090.34
8000000 distributed 4 0 0 2266.6
8000000 distributed 4 1 1 2442.9
8000000 distributed 4 2 2 2218.31
8000000 distributed 4 3 3 2103.57
8000000 distributed 4 0 0 2016.82
8000000 distributed 4 1 1 2379.2
8000000 distributed 4 2 2 2265.38
8000000 distributed 4 3 3 2072.84
8000000 distributed 4 0 0 2108.93
8000000 distributed 4 1 1 2346.12
8000000 distributed 4 2 2 2209.9
8000000 distributed 4 3 3 2237.8
8000000 distributed 4 0 0 2272.58
8000000 distributed 4 1 1 2386.7
8000000 distributed 4 2 2 2357.09
8000000 distributed 4 3 3 2248.75
8000000 distributed 4 0 0 2153.78
8000000 distributed 4 1 1 2153.6
8000000 distributed 4 2 2 2220.78
8000000 distributed 4 3 3 2257.3
8000000 distributed 4 0 0 2220.81
8000000 distributed 4 1 1 2416.61
8000000 distributed 4 2 2 2309.25
8000000 distributed 4 3 3 2364.96
8000000 distributed 4 0 0 2304.7
8000000 distributed 4 1 1 2409.78
8000000 distributed 4 2 2 2301.18
8000000 distributed 4 3 3 2357.58
8000000 distributed 4 0 0 2106.08
8000000 distributed 4 1 1 2307.36
8000000 distributed 4 2 2 2308.32
8000000 distributed 4 3 3 2107.82
8000000 distributed 4 0 0 2324.53
8000000 distributed 4 1 1 2404.28
8000000 distributed 4 2 2 2170.88
8000000 distributed 4 3 3 2360.4
8000000 distributed 1 0 0 1860.53
8000000 distributed 1 0 0 1756.16
8000000 distributed 1 0 0 1752.16
8000000 distributed 1 0 0 1895.59
8000000 distributed 1 0 0 1773.65
8000000 distributed 1 0 0 1898.58
8000000 distributed 1 0 0 1676.73
8000000 distributed 1 0 0 1852.83
8000000 distributed 1 0 0 1697.91
8000000 distributed 1 0 0 1933.74
15000000 distributed 1 0 0 3445.55
15000000 distributed 1 0 0 3388.89
15000000 distributed 1 0 0 3256.51
15000000 distributed 1 0 0 3240.97
15000000 distributed 1 0 0 3661.45
15000000 distributed 1 0 0 3530.76
15000000 distributed 1 0 0 3375.13
15000000 distributed 1 0 0 3664.94
15000000 distributed 1 0 0 3466.95
15000000 distributed 1 0 0 3455.73
15000000 distributed 1 0 0 3289.89
15000000 distributed 1 0 0 3530.59
15000000 distributed 1 0 0 3569.12
15000000 distributed 1 0 0 3328.86
15000000 distributed 1 0 0 3132.4
15000000 distributed 1 0 0 3357.45
15000000 distributed 1 0 0 3370.98
15000000 distributed 1 0 0 3524.01
15000000 distributed 1 0 0 3484.71
15000000 distributed 1 0 0 3469.54
15000000 distributed 1 0 0 2974.95
15000000 distributed 1 0 0 3308.61
15000000 distributed 1 0 0 3221.02
15000000 distributed 1 0 0 3684.23
15000000 distributed 1 0 0 3612.84
15000000 distributed 1 0 0 3511.15
15000000 distributed 1 0 0 3270.35
15000000 distributed 1 0 0 3579.37
15000000 distributed 1 0 0 3219.38
15000000 distributed 1 0 0 3643
20000000 distributed 1 0 0 4390.62
20000000 distributed 1 0 0 4658.07
20000000 distributed 1 0 0 4461.78
20000000 distributed 1 0 0 4330.67
20000000 distributed 1 0 0 4945.37
20000000 distributed 1 0 0 4893.45
20000000 distributed 1 0 0 4577.14
20000000 distributed 1 0 0 4651.61
20000000 distributed 1 0 0 4934.03
20000000 distributed 1 0 0 4500.48
20000000 distributed 1 0 0 4205.78
20000000 distributed 1 0 0 4637.7
20000000 distributed 1 0 0 4269.29
20000000 distributed 1 0 0 4621.95
20000000 distributed 1 0 0 4797.07
20000000 distributed 1 0 0 4929.29
20000000 distributed 1 0 0 4903.05
20000000 distributed 1 0 0 4382.57
20000000 distributed 1 0 0 4926.85
20000000 distributed 1 0 0 4781.5
20000000 distributed 1 0 0 4894.46
20000000 distributed 1 0 0 4953.71
20000000 distributed 1 0 0 4685.01
20000000 distributed 1 0 0 4666.81
20000000 distributed 1 0 0 4427.58
20000000 distributed 1 0 0 4438.07
20000000 distributed 1 0 0 4883.84
20000000 distributed 1 0 0 4806.66
20000000 distributed 1 0 0 4910.91
20000000 distributed 1 0 0 4936.02
40000000 distributed 1 0 0 11641.1
40000000 distributed 1 0 0 11082.2
40000000 distributed 1 0 0 11188.6
40000000 distributed 1 0 0 11373.7
40000000 distributed 1 0 0 11082.2
40000000 distributed 1 0 0 11650.1
40000000 distributed 1 0 0 11698
40000000 distributed 1 0 0 11295.9
40000000 distributed 1 0 0 11348.1
40000000 distributed 1 0 0 11707
40000000 distributed 1 0 0 11446.3
40000000 distributed 1 0 0 11509.9
40000000 distributed 1 0 0 11513.3
40000000 distributed 1 0 0 11410.3
40000000 distributed 1 0 0 11492.4
40000000 distributed 1 0 0 11240.7
40000000 distributed 1 0 0 11441.6
40000000 distributed 1 0 0 11357
40000000 distributed 1 0 0 11654.5
40000000 distributed 1 0 0 11733.5
40000000 distributed 1 0 0 11314.6
40000000 distributed 1 0 0 11646.4
40000000 distributed 1 0 0 11311.6
40000000 distributed 1 0 0 11436.7
40000000 distributed 1 0 0 11287.6
40000000 distributed 1 0 0 11518.6
40000000 distributed 1 0 0 11233.2
40000000 distributed 1 0 0 11314.4
40000000 distributed 1 0 0 11531.1
40000000 distributed 1 0 0 11513.3
80000000 distributed 1 0 0 38165
80000000 distributed 1 0 0 38391.2
80000000 distributed 1 0 0 38039
80000000 distributed 1 0 0 38421
80000000 distributed 1 0 0 38056.6
80000000 distributed 1 0 0 38464.3
80000000 distributed 1 0 0 38493.5
80000000 distributed 1 0 0 37748.2
80000000 distributed 1 0 0 38268.9
80000000 distributed 1 0 0 38113.8
80000000 distributed 1 0 0 38152.6
80000000 distributed 1 0 0 38187.4
80000000 distributed 1 0 0 37594.3
80000000 distributed 1 0 0 38502
80000000 distributed 1 0 0 37692.1
80000000 distributed 1 0 0 38188.1
80000000 distributed 1 0 0 38589.3
80000000 distributed 1 0 0 38892.8
80000000 distributed 1 0 0 37922.2
80000000 distributed 1 0 0 38470
80000000 distributed 1 0 0 38447.5
80000000 distributed 1 0 0 38140.2
80000000 distributed 1 0 0 37984.2
80000000 distributed 1 0 0 38621.2
80000000 distributed 1 0 0 38004.1
80000000 distributed 1 0 0 38421
80000000 distributed 1 0 0 38449
80000000 distributed 1 0 0 38543.6
80000000 distributed 1 0 0 37885.1
80000000 distributed 1 0 0 37932.3
