payload_size heavy_processing message_id rtt_ms
10 0 5 31
10 0 4 31
10 0 8 31
10 0 6 31
10 0 9 31
10 0 1 31
10 0 7 31
10 0 2 31
10 0 0 31
10 0 3 31
10 0 0 15
10 0 7 31
10 0 6 31
10 0 8 31
10 0 2 31
10 0 5 31
10 0 4 31
10 0 1 31
10 0 3 31
10 0 9 31
10 0 1 16
10 0 8 16
10 0 6 16
10 0 5 16
10 0 0 16
10 0 2 16
10 0 4 16
10 0 9 32
10 0 3 32
10 0 7 32
50 0 0 31
50 0 2 31
50 0 1 31
50 0 6 16
50 0 7 16
50 0 8 16
50 0 5 32
50 0 4 32
50 0 3 32
50 0 9 32
50 0 0 16
50 0 1 16
50 0 4 16
50 0 2 16
50 0 9 16
50 0 5 16
50 0 7 32
50 0 3 32
50 0 8 32
50 0 6 32
50 0 8 16
50 0 1 31
50 0 6 16
50 0 2 31
50 0 5 16
50 0 3 31
50 0 7 16
50 0 0 31
50 0 4 31
50 0 9 32
100 0 0 16
100 0 8 16
100 0 2 16
100 0 9 16
100 0 4 16
100 0 1 32
100 0 5 32
100 0 3 32
100 0 6 32
100 0 7 32
100 0 0 16
100 0 2 16
100 0 3 16
100 0 5 16
100 0 1 32
100 0 7 32
100 0 8 32
100 0 9 32
100 0 4 32
100 0 6 32
100 0 0 31
100 0 2 31
100 0 1 31
100 0 3 31
100 0 5 31
100 0 6 31
100 0 8 31
100 0 9 31
100 0 7 31
100 0 4 31
500 0 0 15
500 0 1 15
500 0 5 15
500 0 2 31
500 0 9 31
500 0 8 31
500 0 7 31
500 0 3 31
500 0 6 31
500 0 4 31
500 0 2 16
500 0 4 16
500 0 7 16
500 0 6 16
500 0 5 16
500 0 3 16
500 0 8 32
500 0 0 32
500 0 1 32
500 0 9 32
500 0 1 16
500 0 0 16
500 0 5 16
500 0 7 32
500 0 4 32
500 0 3 32
500 0 2 32
500 0 9 32
500 0 8 32
500 0 6 32
1000 0 5 31
1000 0 4 31
1000 0 0 31
1000 0 3 31
1000 0 1 31
1000 0 2 31
1000 0 7 31
1000 0 8 31
1000 0 9 47
1000 0 6 47
1000 0 1 16
1000 0 3 16
1000 0 0 16
1000 0 5 16
1000 0 4 16
1000 0 2 16
1000 0 7 32
1000 0 6 32
1000 0 8 32
1000 0 9 32
1000 0 2 16
1000 0 1 16
1000 0 5 16
1000 0 0 16
1000 0 4 16
1000 0 3 16
1000 0 8 16
1000 0 7 32
1000 0 9 32
1000 0 6 32
5000 0 0 15
5000 0 1 15
5000 0 4 15
5000 0 3 31
5000 0 6 31
5000 0 8 31
5000 0 5 31
5000 0 2 31
5000 0 7 31
5000 0 9 31
5000 0 2 15
5000 0 3 15
5000 0 0 31
5000 0 1 31
5000 0 4 31
5000 0 5 31
5000 0 6 31
5000 0 7 31
5000 0 8 31
5000 0 9 31
5000 0 0 16
5000 0 1 16
5000 0 3 16
5000 0 2 16
5000 0 5 16
5000 0 6 16
5000 0 8 32
5000 0 7 32
5000 0 9 32
5000 0 4 32
10000 0 0 15
10000 0 2 31
10000 0 3 31
10000 0 4 31
10000 0 1 31
10000 0 5 31
10000 0 6 31
10000 0 9 31
10000 0 8 31
10000 0 7 47
10000 0 0 15
10000 0 1 31
10000 0 2 31
10000 0 3 31
10000 0 6 31
10000 0 5 31
10000 0 4 31
10000 0 7 31
10000 0 8 47
10000 0 9 47
10000 0 0 15
10000 0 1 15
10000 0 3 31
10000 0 2 31
10000 0 9 31
10000 0 5 31
10000 0 7 31
10000 0 8 31
10000 0 6 31
10000 0 4 31
50000 0 0 32
50000 0 1 32
50000 0 2 47
50000 0 3 47
50000 0 4 63
50000 0 5 63
50000 0 8 78
50000 0 7 78
50000 0 9 94
50000 0 6 110
50000 0 1 32
50000 0 0 32
50000 0 2 47
50000 0 3 47
50000 0 5 63
50000 0 8 63
50000 0 9 78
50000 0 7 78
50000 0 4 94
50000 0 6 94
50000 0 0 32
50000 0 1 32
50000 0 2 47
50000 0 3 63
50000 0 4 63
50000 0 5 63
50000 0 7 78
50000 0 8 78
50000 0 9 94
50000 0 6 110
100000 0 0 47
100000 0 3 110
100000 0 1 125
100000 0 2 156
100000 0 4 172
100000 0 6 203
100000 0 9 219
100000 0 5 250
100000 0 7 266
100000 0 8 297
100000 0 0 62
100000 0 1 78
100000 0 2 124
100000 0 3 125
100000 0 4 141
100000 0 5 172
100000 0 6 187
100000 0 7 187
100000 0 8 203
100000 0 9 234
100000 0 0 47
100000 0 1 62
100000 0 2 78
100000 0 3 93
100000 0 5 109
100000 0 7 125
100000 0 9 141
100000 0 8 156
100000 0 4 203
100000 0 6 218
500000 0 0 234
500000 0 1 359
500000 0 2 437
500000 0 3 530
500000 0 4 640
500000 0 5 733
500000 0 6 811
500000 0 9 904
500000 0 7 982
500000 0 8 1076
500000 0 0 234
500000 0 1 344
500000 0 2 453
500000 0 5 515
500000 0 3 624
500000 0 4 702
500000 0 6 795
500000 0 9 858
500000 0 7 967
500000 0 8 1060
500000 0 0 250
500000 0 1 390
500000 0 3 468
500000 0 2 561
500000 0 4 656
500000 0 5 749
500000 0 8 827
500000 0 9 920
500000 0 7 998
500000 0 6 1124
1000000 0 0 453
1000000 0 1 671
1000000 0 2 827
1000000 0 3 983
1000000 0 5 1138
1000000 0 4 1326
1000000 0 9 1497
1000000 0 7 1685
1000000 0 6 1872
1000000 0 8 2028
1000000 0 0 453
1000000 0 1 640
1000000 0 2 780
1000000 0 3 967
1000000 0 5 1138
1000000 0 4 1294
1000000 0 8 1419
1000000 0 9 1607
1000000 0 6 1779
1000000 0 7 1919
1000000 0 0 453
1000000 0 1 640
1000000 0 2 827
1000000 0 3 967
1000000 0 5 1138
1000000 0 4 1326
1000000 0 8 1435
1000000 0 9 1607
1000000 0 7 1794
1000000 0 6 1981
5000000 0 0 2215
5000000 0 1 2745
5000000 0 3 3307
5000000 0 2 3931
5000000 0 5 4384
5000000 0 4 5007
5000000 0 6 5601
5000000 0 7 6209
5000000 0 9 6786
5000000 0 8 7441
5000000 0 0 2231
5000000 0 2 2792
5000000 0 1 3417
5000000 0 3 3994
5000000 0 4 4587
5000000 0 5 5179
5000000 0 6 5709
5000000 0 7 6303
5000000 0 9 6802
5000000 0 8 7503
5000000 0 0 2215
5000000 0 1 2871
5000000 0 2 3417
5000000 0 3 3978
5000000 0 4 4508
5000000 0 5 4992
5000000 0 6 5538
5000000 0 7 6194
5000000 0 9 6630
5000000 0 8 7301
10000000 0 0 4399
10000000 0 1 5569
10000000 0 2 6864
10000000 0 3 8081
10000000 0 5 8923
10000000 0 4 10343
10000000 0 6 11466
10000000 0 7 12543
10000000 0 9 13618
10000000 0 8 15038
10000000 0 0 4431
10000000 0 1 5460
10000000 0 3 6318
10000000 0 2 7660
10000000 0 4 8845
10000000 0 5 10062
10000000 0 8 10952
10000000 0 6 12215
10000000 0 9 13104
10000000 0 7 14477
10000000 0 0 4337
10000000 0 1 5584
10000000 0 2 6552
10000000 0 3 7488
10000000 0 5 8299
10000000 0 6 9298
10000000 0 4 10655
10000000 0 8 11559
10000000 0 7 12714
10000000 0 9 13666